0.027939719501366523,0.0314207024096415,-0.023979288091974478,0.02769014148678877,-0.03845067802727885,-0.03033955969509223,0.009830494552590835,-0.02831938898822554,-0.02420354665773852,0.0013266679372343339,-0.023535793530463252,0.0348038058196662,-0.020266504587847387,-0.012034678952964954,-0.025444702766926865,-0.021160247646881514,-0.024082434630450362,0.01706141070643961,0.0075084001450832286,-0.022627586469432328,0.0310762236313883,-0.030725659469544562,-0.024872186497962273,0.031718266914009585,-0.01722142407990231,0.026120276735138524,0.03033326459878818,0.033557711567089615,-0.03453762334197695,-0.020068312650577798,0.03652094587839777,0.029926237206124397
-0.14214523632459986,-0.031926800545380454,0.07982789142558641,0.11101203147870638,0.08270038367280722,0.01176087880927318,0.07826357767231021,-0.001256731436968762,-0.20412063563234048,-0.08618052708296313,0.01880523001152399,0.033988026033310394,-0.03173489181080424,-0.014100931741151356,0.08355243700716157,0.12051775466841273,0.10785453939059621,-0.16286494032560334,0.04660942466050383,0.039777542663368255,0.15138919730781986,0.02896228639093523,0.16523261102877132,-0.08611772363116242,-0.10250004212030805,0.01747307951460715,0.04908299213432192,-0.10961243159255035,0.02567154987831626,-0.05187364654945669,-0.11149240946034812,-0.1280893147385032
0.034518305164698955,-0.01086923239602227,-0.22214859572230977,-0.09030930973444323,-0.02429990312780858,-0.12854237225033482,0.08129653118569798,-0.07121285017896413,-0.10665203179536915,-0.39782163682945004,0.08376373774240636,0.10765710314972345,0.11303486542560916,0.08016371471683031,-0.10551561135982704,0.03590793826683924,0.1439586635136481,0.06831646830624519,-0.062252603086207184,-0.03231796073033335,0.03124228065654488,-0.041014968551968636,-0.042435458610675,-0.08737481865469868,0.09095367461531749,0.03557275593877687,0.12232412384866745,-0.021257098792096335,-0.03237997385511556,-0.13095148747149996,-0.04008186114097302,0.04475762144994726
-0.03193979886098744,-0.0464688581651992,0.13648437332967836,0.06919720340607148,0.03743750616638435,-0.07176217585410934,0.10430433717856483,0.02784491763816336,0.020694559119967024,-0.09176363116658212,-0.16258701683694574,-0.03322036865381497,0.08457190197909789,-0.07415158418209786,0.028226057798409365,-0.1345485857961438,0.07002330156947913,-0.011180470597886967,-0.10149251512242165,0.029197331128869776,-0.0675932016395157,-0.08523903546047737,0.15003773688302852,0.005047882681330383,0.1840589974308553,-0.11389014218626994,0.11720672118301625,-0.0625478722551984,0.07055672941123053,-0.047488905014317156,0.02385131057228351,-0.04293443387395308
-0.07941681575302638,-0.03622526328530016,-0.11338363866966808,-0.23605997337890955,-0.012726049623987467,0.05854579155245193,-0.03186268307260999,0.020502597744449905,-0.10233345476749106,-0.02963070691436849,-0.08514511734794819,-0.09908684267701892,0.14611785279362996,-0.12300051010524399,-0.18140783970043653,-0.031605886509149896,-0.07565626961608285,0.004683600121022268,0.02018774675669108,0.12076312662643851,-0.06807929858504258,-0.03599436954990872,-0.06382986722446583,-0.11148589877628955,0.016766393350698613,0.1647573963920184,0.03240584303472092,0.19671084368568106,0.15853550896516086,0.11504660177385612,0.13688913487527313,0.0666352185060774
0.11262367608992885,-0.007939517493959557,0.044098122307350725,0.01647330367437475,0.03114555689789219,0.039706435132081414,-0.05498178301623201,0.0728822308462374,-0.09741278053067848,-0.0947317639190101,-0.006685640054641104,0.025901546218251744,-0.012650762992455603,-0.0039319125772127326,-0.2336020016895938,0.1394596124038288,-0.06837807858315643,-0.010900610168499449,-0.2915980627788266,-0.14459253195841196,0.09144596097785343,0.10620165239290602,-0.05265850291726048,-0.09324232655874057,0.014088704020661322,0.07441739506989396,-0.06597196034434058,-0.019906285738075027,-0.1374731739475557,0.04484265369050755,-0.013347497051709187,-0.03155715920521162
0.014499296939204927,-0.09845360019179684,-0.25609723758948705,0.15767886780044832,-0.0494258347783825,-0.09984207800841344,-0.03960721857854675,0.035119713129017086,0.007258421612779472,-0.2200711949202304,0.00877680043435988,0.04502954478597451,0.12617269653816102,-0.1505312102577893,0.08106020273575687,-0.14274797019247634,-0.23106079185654604,0.1476454287726207,-0.006448697368240703,-0.1618645072841277,0.08477596149690504,0.08782704967146757,0.0925960202440626,0.0616885722537022,-0.11207477658829379,0.08807596185080895,-0.13616205018955913,-0.10937814306275914,-0.10137752270047531,0.2194864190368954,-0.19338254784044687,0.07540007946258066
-0.055272931600607846,0.15725821510712096,-0.03598330757803289,0.005476806112783713,-0.07029553372807013,0.01957527719661357,0.2419886087891235,-0.2126501374315836,0.13135424107551655,0.0793208207419582,0.06480013947969301,0.2519034071064507,-0.1348320096564354,-0.10751604693242034,-0.15052187486877994,-0.06783977137100972,0.02091151574041028,-0.08306173560872422,0.11524353245583738,-0.02972373324195632,-0.037911323658956074,0.048944206673844734,-0.09441237215992203,0.08166770925911335,0.2160673205530994,0.13651142814020611,0.05943111488802602,-0.13032833675416772,0.11823669080982092,-0.06661067475369237,0.07042868647260123,0.18739479046595092
-0.012163765976985385,-0.03171099839796593,0.023066931621372074,0.007870197108789622,-0.13252329732919638,0.0707206864754766,-0.09907140893803668,0.13075873415576128,0.06972512033621364,-0.03817118746697228,-0.19461866856757581,0.12292209250270233,-0.1330759710170208,-0.08954223164612887,-0.05285160513007071,0.03461207340759521,-0.10477528525738085,0.051310008381381444,-0.11880662734321916,0.03220046585337599,-0.13788662084150977,0.08787615910062145,-0.19764062319252396,0.09075651069703992,0.009349819328697054,0.1283097964409542,0.01984610060027543,0.17450150645659873,-0.2677875659102631,0.1157162187661468,-0.016084618829720117,0.1632568731005954
0.05939862416749013,-0.054119729818004406,-0.040359187719720906,-0.08960957528566486,-0.08362886513206313,0.13901713777031083,-0.1382256052496505,0.2362919589221952,0.08365997616602006,0.05728806356911733,0.008229486985161643,-0.06868890286737848,0.05813482386883085,0.2474366769592741,0.19513183692805952,-0.018815724220086268,0.23145384183092055,-0.03279447838192001,-0.16817177185310228,-0.011320728805723665,0.1606313067237465,0.09838881833225814,-0.05023037877152273,0.006205766892294531,-0.030557635560449537,0.0595931210193125,0.0452522420395389,0.012691386002245243,-0.007763919128109271,-0.07150482028090435,-0.023987063698739985,0.15268295841370622
-0.010587496988090377,-0.07816611209764668,0.031631513101836234,0.10362322755638043,-0.02145331366900906,-0.24619621101433425,0.1831627811291142,-0.21129232089899116,0.11941987759773809,-0.011575650884631777,0.03267216396452607,0.020256545407511907,0.04615817012758303,0.030322694084938387,-0.2824028611737608,-0.05897262849292515,-0.05284338229674928,0.17497516418948253,0.02534867745956322,-0.204129894456926,0.1091119157326488,0.017130414104939522,-0.18998317088653457,0.0694813729676677,-0.10549734895156382,-0.04152699752960918,0.23445838310488457,0.10033394596645395,-0.021432277374154506,0.03779207698056822,0.24799582427595981,-0.032936357470775904
-0.02066127470251072,-0.09586107635115057,-0.15297743174769324,-0.16142680397216633,0.16379965650035241,0.11684868461867053,0.09352917661242076,0.11586405425299692,0.025230697167741057,0.007735675235947626,-0.07294207454732826,0.16449842424683508,-0.08042855678835889,0.052421784060245925,-0.05604364262220643,-0.09364904050619875,0.06304565780555223,-0.03956777481680978,-0.06543294989609326,0.11794879746239399,0.10724445940992204,-0.16913684275685997,0.0660953040068897,0.032263522039371925,-0.15033427507986447,-0.052787378791461045,-0.012561099628320749,-0.21912203809404285,-0.22494187207834568,0.0331666402945813,0.044930866531201354,-0.20470571232683696
0.2021637977165489,-0.018439044795713837,-0.130838047988842,0.13054311246935477,-0.09397191194387208,0.1310233818579114,0.020273608101769175,-0.0993886960924204,0.05230108491303193,0.07864322076349474,0.023535196076184654,0.0723582768606217,-0.14773698971585453,0.043628875061288395,0.0843138781041606,0.12157039981104568,-0.09414436825603864,0.03211529807498267,-0.021991335991173977,0.02293753741894926,-0.0816417644523622,-0.19835095785232024,-0.027626702948483916,0.18526727880680186,-0.058694855699731825,-0.12322683193655273,0.006931839950400843,0.018309715124827323,0.11204696115817152,0.024302606988907013,0.2235140404169103,0.056363501514326404
-0.056487888563263006,0.18752372706838638,0.11813637567003625,-0.04128031792505717,0.054868526680830615,-0.018944493070291214,-0.06660602395181428,0.08237513510582506,-0.04747415944130778,0.06657796046894317,0.045420029379214105,0.11450022293974715,-0.18199597573125553,-0.020825658823486,-0.20509650420291575,-0.03066859107919293,0.043444904735119715,-0.09514659189372139,-0.07106344665525513,-0.06666565235579336,0.030350874626269533,-0.21305614691370073,-0.05597608802868375,-0.03250710340406253,-0.01281071850122943,0.153916053139203,0.18095878065753596,0.021850040961157807,-0.0876140379452322,0.040483122811572604,-0.1731279382172488,0.03850606482782276
-0.03934534686656639,-0.03177222858767977,-0.04460427932356871,0.09121490682429251,-0.03878996768028638,-0.08399906955220308,-0.05140522644009948,0.1907542543064006,0.01145038183342742,0.007933119037074696,-0.20829396128083758,0.2711036894249984,0.10536271354050608,-0.03539690003060139,-0.0039056524831897936,-0.14011848445539818,0.12543093235499542,-0.10600928981835402,0.12505744827760543,0.23127042348442858,0.2149979765215977,-0.17412421411557066,0.04409400196101232,0.006180599055648339,-0.13047315026675863,-0.00860186651959185,0.19512853961906204,0.07068378038696707,0.03235941612675463,-0.06946643040077106,0.012740385670178881,0.12047179788807398
0.04326866583692029,-0.13148797226181955,-0.1740814926716837,0.05120445203624577,-0.1368434008356583,0.024904772319493194,0.0383083694612706,-0.02137079945534072,0.12998278497500235,0.06302623760119698,-0.1712139909691221,0.23290604285684724,0.04470120159412798,-0.012153616154775376,0.158486306304834,5.05478085187108E-4,-0.05748786256039942,0.14153754921821854,0.11804815107966837,0.042856192668592044,0.13546187029713425,-0.24041106530430228,-0.017477145432946838,0.01109553953064147,-0.21708982040097194,0.07507273378206081,-0.011122868027494539,-0.02262224791277904,-0.028236467384422134,-0.08548615745346978,-0.04319015891389891,-0.21221569563569725
0.13016641252809247,0.040536408701988005,0.011777074897708848,0.10794931457240758,-0.09360410477775684,0.05394721204398759,-0.09492671830474192,-0.10530844407102188,-0.1956746979478134,0.20396950563481678,0.13082626587342355,0.05491319812785172,-0.00497063050826173,-0.02638678944677989,-0.0908421154617276,-0.03906923285644449,0.1497260764730974,-0.13168039282194036,-0.08888154176834898,0.06793867784128044,0.07431988335571178,0.0687980710982499,-0.1621577097787634,-0.0011151951951219375,0.06119227307600396,-0.027549539868295888,0.19627837594800498,0.13115909858941813,-0.01691092308103248,-0.08878143727790687,0.10142292091812734,-0.027234505251442675
0.06878856371649121,-0.12346496260845526,-0.02793976694900554,0.08105132996444052,0.055524038317163224,-0.08982179288825456,0.002377599189401782,0.0223471082548735,0.03862410229903131,0.12637049939531045,-0.05005567114489255,-0.05866017277466863,0.04473859174301411,0.2184147010438671,-0.03653765253926213,-0.05701074965945198,0.014748184516563309,-0.27271363251556385,-0.06870017736271276,0.0662594285930755,0.08466483881580211,-0.31059994972479443,0.15565346694418672,-0.028594651632369163,0.29298531238346487,0.03316929480649688,0.04051745426516132,-0.03545775224811865,0.08294803973115025,-0.07300215862658829,0.02896898513046553,0.20293355377642186
-0.1700510277275237,-0.13751701913308018,-0.15509848423393954,-0.01801652324442542,-0.20906304046060223,0.12298802172321983,0.16583839612159013,-0.18518490249368524,-0.042643087149895925,0.22665760534882326,0.052805241772980294,0.11150144526355428,0.008953908415497678,-0.08870496454978531,0.02111693095554943,0.04495226650377417,-0.0017185694443285818,-0.04643997322582469,0.028740153316386057,-0.15797024220837674,-0.06577131804536082,0.06487312185062011,0.002651231892545726,-0.015766823683402213,-0.2258611757909655,-0.01824013267293315,-0.054779341487608366,-0.012910459403627145,-0.13352749069613193,-0.012076183032076927,-0.036760472045947346,0.043492285114888535
0.03491541196737917,0.15473432797035694,-0.014731516129491445,0.04396960857611325,0.39299129740610494,-0.09350870553257101,-0.10838143133645599,-0.23494348843775056,-0.009776373288865752,-0.11938381972241784,-0.01626013812629003,0.17041491913056755,-0.02401219121961002,-0.04787571320940132,-0.09348320922533848,-0.11152755039962446,-0.19949960485103785,-0.1253565713470549,0.22854937780890436,0.18276217012414364,0.02390080789877809,-0.08535572483339343,0.041765641414825846,0.020172312937496113,-0.11367973193561977,0.01802431111553158,0.06712492738371456,0.08155694839864688,0.023934051028389948,0.017940883415820712,0.33004297673266164,0.0030909763167413992
0.03625302984244623,0.11183653667307604,-0.050342036389051215,0.018516468472097942,-0.03038795288953767,-0.06590156861673127,0.06016983430595262,-0.11751478856242736,0.062498217206007005,-0.14020281407320484,0.029022693726330973,0.08240210290200718,-0.12546722745371897,-0.052361569160361776,-0.08602953188232378,0.18513364326086168,0.15737381844364687,0.03715762789769805,-0.03881155836596669,0.04286312894055236,-0.11646443897755072,0.04584710917117768,-0.08061151593050775,0.03753224107092806,0.002778667543759011,0.012559937496281457,0.1989292877010103,0.04578534574185344,0.028250623889193416,0.01591932634140851,0.07862137473078588,0.14826403281108466
0.13814764285392359,-0.06135694935985698,0.1668081918085802,-0.08957287930920164,-0.023691248670002288,0.05513852549579142,0.13026288671347946,0.1026135985074993,-0.08074926149159442,-0.04846194373767991,-0.10697467672768528,-0.0862694162054567,-0.16217253397530504,0.08937203506799225,-0.0525358567528692,0.10441648967314744,-0.05184144095698718,-0.05336833554574542,0.06382098178338352,-0.17234495322109458,-0.025608091402146673,0.15387111325143177,0.1779489298403334,-0.025192960374328787,0.06494949297801507,-0.06199859366813142,-0.07922000191575176,-0.03245774698725771,0.09740625484380695,0.2243968679909953,0.19770566053624916,-0.0995681661405729
-0.025950313027575247,-0.0016607486953245086,-0.21100546514623264,0.1847522192535837,-0.006342130402259121,-0.14057529016146425,-0.20711157370853245,0.09065034993747637,-0.04441939710541325,-0.024174249905370183,0.006777741743852757,0.1236860853176198,-0.3088229713518898,-0.029213752300104846,-0.16863450839912705,-0.16118613979067417,-0.18488627791268158,0.07549658059960603,0.17850060750505953,0.041473479582732786,-0.03893464413602412,-0.26521587529286844,-0.0881675778081912,0.17683856631460831,-0.06608480051606223,0.2535354962799507,0.11004792038816646,0.34138788358243927,-0.16459597380598198,0.045402029160959784,0.20952117462804143,-0.13015842696186397
-0.14290087228659984,-0.12581780760456404,-0.21990631935894062,-0.03479635431198844,0.07186699584132468,-0.1397268381030833,-0.030290768271494385,-0.048062505806959206,-0.05989669710682085,-0.15415442723026476,0.00780592102474565,-0.2610328039499996,-0.11588739124321795,-0.11126974560916073,-0.11101675704151216,0.09913065097061355,0.09305617036370302,0.16399452171775458,2.7454753993573066E-4,0.03788656425667467,-0.019252171109202326,-0.0756180837150446,0.022884691711229827,-0.008669115311947875,-0.05959657575190638,0.039347967530071526,-0.14823964084936947,0.27714225942449816,0.01848791341281635,-0.09819520390442493,0.016409610216690143,0.015364029416355948
-0.00675231627173855,-0.07275081509078948,-0.06368504789332155,0.043596244449109034,0.006611212274526273,0.2512598724835529,-0.024004797738879133,0.11973123453934713,-0.14307461189899245,0.08847442753303121,0.013580727586931,-0.07646565297226232,-0.12790484412031983,0.17409907909676928,0.12586485435509628,-0.01432251375261109,0.06818326182584455,0.18932557013600362,0.012504033335141346,0.03026267491863615,-0.015225138458291841,-0.12413920041432137,0.21810432812363906,0.05691081835138324,-0.2079074997312231,0.046287299460195205,-0.15882638536935414,-0.017520409443323007,-0.02475092727182341,-0.1148758440264763,0.07707974978916789,0.07802936433546286
-0.044421080410586324,-0.07707490959531162,0.04561733355210188,-0.04823176618903228,-0.12701770566153298,-0.010170473275789387,0.22442904604723515,-0.09572240379270683,-0.12345937271249172,-0.05978865307567242,0.086950478445072,0.1826528620754728,0.07028059990619388,-0.00759754621993706,-0.05730471280569869,-0.15707519859674865,-0.1661496683909356,0.22380263047915439,0.23092126077998004,-0.1404825348973184,-0.048072704884762354,0.08314530928290946,0.03778621159954834,0.16403085824216876,-0.15999838743685577,-0.0010170769812879788,0.11827720409350134,-0.06170768167676257,0.2249146380074383,0.007119802431145207,0.17766724279128343,-0.05293805300726083
0.03914839915843353,-0.025597612207852005,-0.17491022618321445,-0.003533638437728877,0.024903880493157324,-0.17330943335961752,0.04955612041014787,0.1131947933286474,-0.22664033063040176,0.20063317664808072,0.08186866250512463,0.02404879979607899,0.1249688913383334,-0.040529715823187346,-0.024500961843189027,-0.14502014781415032,0.17468117584183193,-0.10525149460490883,0.1915087109369839,0.038950938281676,-0.11001729750553639,0.14100999748424206,0.11292332819130951,-0.021709739437616282,-0.03982163244652622,0.03495619774993998,0.05629449517164205,0.10356655520108238,0.02902161477412573,-0.25474981600201085,0.11736405290382758,0.11911330656535206
0.10806480759350838,0.26321930012729894,-0.14360020777479876,-0.10125971323062256,0.16942692336863527,-0.0012242495483081616,-0.13433758291480052,0.04276591075877047,-0.018248379548274844,0.10986705021270542,-0.12407932902404084,0.1569513683573157,-0.18490820101958177,-0.1851982835638333,0.028265328319034354,0.0310557493555979,-0.009511619405192923,-0.05077625315037228,0.26492588885185686,-0.007955135163702292,-0.021241204046617494,-0.0732998855181822,-8.84374246893911E-6,-0.07221810987456007,-0.04982140544831348,-0.08421624855780444,-0.06877151116102226,0.023968376407490166,-0.044623748932752685,-0.019629035545645292,-0.03672624504968383,0.08571568472842915
-0.066938203797727,-0.15346452255627344,-0.12270883020102767,-0.12458915825172946,-0.009981356385780517,-0.18096959745262456,-0.053257980117356316,0.09847755848542619,-0.1081506214580822,0.13515907431568105,-0.022795448699192537,0.2871265568913293,-0.008537186859719853,0.011897098171608653,0.012800573942355682,-0.2616317410766839,-0.004664123680600149,-0.08669355345863104,-0.03609897168842077,-0.05388459663507055,0.30302160024299823,-0.050372723978844236,0.024576636638648695,0.23721289301564022,-0.153697733810025,-0.0040498655580088645,0.024087117710979985,-0.09986478630710527,-0.31705741363880213,0.05407335109484561,0.04233188265182887,0.0915126811994923
-0.08907394296367172,-0.004550075430692874,-0.3044071746361036,-0.14874342073916522,0.13093260267672596,-0.07100700720605284,-0.38090223140525936,-0.07537478042163123,-0.09296413782392288,-0.05030343584270709,0.043334579469285005,0.07873131503136628,0.0838516508234019,-0.12730664603810382,0.008959864230488881,0.198836674570618,-0.06132616354350362,2.7100287252854096E-4,0.015583965638180208,0.06300660749487177,0.04160106325504753,0.05531200358764935,0.02472400128687232,-0.18957331712174658,-0.011544127775447582,0.06036038539842866,0.08867948276174135,-0.21240703882645118,-0.06101963399385511,0.04082495828515678,-0.081643543949696,0.16880926258631604
-0.10957479684167915,-0.20089690168242672,0.07616961634403834,0.08239931825837847,-0.05695538985389445,0.10019883479422396,0.10528054281613602,-0.08226230450750537,0.04535196558680717,0.016062574192754978,-0.015166862098535782,-0.0758295742078198,-0.017751139334039837,-0.10339274006730208,-0.17781683165813086,0.07646697609940739,0.16258239450701314,0.09094453334430819,0.013730581866655898,-0.06992659504134421,-0.20915226253904706,0.01176311478361535,0.06707082070131143,0.017432778137630202,-0.14625570215787115,-0.09183761911720253,-0.1769416571313967,0.0010452919830985646,-6.934335503142376E-4,0.02644465518106123,0.10656238262167474,0.18752965618795198
0.04113373501901544,-0.0792161232610041,-0.0532628103496384,-0.15349902746066674,-0.37090561876767497,-0.08454294470490309,-0.2935257419101482,-0.004433408030518398,0.07118732603845133,0.10518650656459276,-0.1271319507715478,0.11386892033370075,-0.003844020187858522,-0.025252807100643256,-0.23909593077788208,-0.19318793182349242,-0.04449343022388776,0.007888936151274967,0.04606133505379807,-0.18744780310956907,-0.10497852343728584,0.0026986059001458413,0.0730193008324883,-0.022530356137398247,-0.20051418466567134,0.13648649325333667,0.1267831701061068,0.19840244757378697,0.10323048759034299,-0.06625354479024878,-0.10787448197567659,-0.11896780219049602
0.024513560900724624,-0.04048856879882231,0.19020222389445068,0.0918398147553304,-0.0015461469704803636,-0.1220593949687424,-0.018781118088382405,-0.02695895812217775,-0.07056077749122802,-0.08201680905429572,0.11787392095003021,0.04529520203879388,0.0829890552817949,0.09667666310819305,0.04052645620000701,-0.18885364926383366,-0.04658634456809945,-0.12969533528791807,0.10816527268385537,-0.274816158216017,-0.13892480815217706,-0.03822477229672039,-0.007988034038761497,0.1729947654968522,-0.1320271279693756,0.1119052313740512,0.1724811022533296,0.10576647447382187,-0.039001076861615996,0.05411764261819364,-0.08719901679604265,-0.08976396534090327
0.048729988459064934,-0.0379828813383902,0.13140704850679116,0.0013489191969615483,-0.039004763208505766,-0.1979828037918226,0.015761639587489946,-0.08172468934781975,-0.09613471466517574,0.20969782363429115,-0.14638483515710268,0.15182753457072917,-0.09389181653318933,0.04675785274114009,-0.017924933617690285,0.006095241153413908,0.011428473587701861,0.11279924164012038,-0.1014699206074277,0.23256022086339093,0.05530899330597986,-0.07632840667029994,-0.02531477983528146,0.15221633067963097,0.05974185599159835,-0.05393890947453763,-0.052249744266833154,0.035280637197489195,-0.07791191252518377,-0.00884390736723439,-0.06962362337386338,0.03787530410815048
0.19025154691125115,-0.1798539953514141,-0.10467598764857003,0.24489741742399398,-0.16393140077576382,0.11354974050246769,0.09175042661686997,-0.033444520998155196,-0.024879964676714585,0.06158221941486898,-0.04033649236831095,0.12273837553238248,0.0441599083248832,0.0055048736496233755,0.053349959983225836,-0.02106851198044192,0.05857696756593951,0.09778787224772363,0.16777271206104258,0.21518649276309562,-0.07031752278954884,-0.025384713351953435,-0.11971797271923498,-0.07678082301502262,-0.02925154321568449,0.2533613258746042,0.13840783894342815,0.18038770256758455,-0.0653590226965178,0.07401862913249754,-0.11614903860715381,0.03618199994639715
-0.029914259417529288,-0.02214419409305327,-0.163743573462755,0.02177078668936573,-0.16350920099520383,-0.04228602228579394,0.17648796724380628,0.10828041998308545,0.11131181144496245,-0.06599457533412197,-0.004379155277658747,9.318490774724627E-4,-0.07243221819790163,-0.10636235278397123,-0.07950101734725878,0.2094612869594877,-0.015336189315089748,0.1364801632406809,0.21083707341049032,-0.10905418312648009,-0.003841862470915406,-0.18301986598858136,0.07581654400888649,0.10277008868828834,0.062356285830222395,-0.09024318571632914,0.019664243006180717,0.192621004121062,-0.11852029004051585,-0.014794980192652137,-0.18358025930499655,-0.07287117076023322
-0.020673616915953423,0.18810380278999514,0.21554040507315517,0.15189147062769345,-0.025793872588215305,-0.141190944385327,0.2032143883305459,0.04760813036805396,-0.04212737938108234,-0.03197459525987858,-0.06078897318230935,0.146156927156079,-0.1465428190250411,-0.0016182599558673084,-0.31276954109673333,-0.035751310261541526,-0.06482441193522867,0.0625888314342699,0.19394882245963943,-0.1584126587922961,0.09729543911052392,-0.1504536590046391,-0.059016786769631076,-0.14156951745201202,0.01353639254670648,-0.2112311217192858,-0.023902845260332845,-0.19227738464079186,0.09320221558500516,0.034914808334989736,-0.10211895676579784,0.14807576256574193
-0.033202020560949806,0.1584097546105776,-0.030335422252595074,-0.15949950936543056,2.9463322220987104E-4,-0.03861489605583709,-0.06768024105152616,-0.1689176405146912,0.0651890503799702,-0.10870726981000131,0.06058928611204862,-0.002394938991154898,-0.05673826735815389,0.11671922278410243,-0.01018607706168514,-0.02952981663931375,-0.025868426938641487,-0.11802330573525008,0.0332166813993388,0.06926936099099856,0.0730045038220464,-0.019695123875578036,-0.1831454604929672,0.018859315525560028,-0.08239522892263505,0.04889466112823728,-0.07140184056962978,0.03155630272291173,0.04877872821849859,0.1376698436650881,-0.011406509493071348,0.03483891504864975
0.07403533740306845,0.05941773752584493,0.008476659729454975,0.14221762478861674,0.11416511489592168,0.059985091786575184,-0.044935823402691456,0.147196612649581,0.027035521939432507,0.06097378736947887,0.14971093259804788,0.34798833807045193,0.1762239742361388,-0.08576938875420238,0.015819480591368316,-0.2783583659944946,-0.1187754962483734,-0.12849255046922398,-0.13604327615135212,-0.034439281737334466,0.019113110612506066,-0.19198289805422086,-0.031846870616884904,-0.019077073538881932,0.0452029025135021,0.060937769641380674,0.10226154927435839,-0.041325786678042244,0.08811445833717842,0.12695963200075377,0.20531030227017064,0.25780412227894267
0.0026302929738371,-0.011386243724691476,0.04492279420225492,0.06409381474774545,-0.1508818279948196,0.19966022431980557,-0.06360441124262627,-0.010908023438247995,0.16539363109101135,-0.02971435353091815,-0.08291533400837514,-0.0017112397317798108,0.15232252624339232,-0.12614838818506785,0.16840979295247244,0.060011116717365844,0.019159202007395813,-0.10941968651963338,-0.08132962839550602,-0.06932485340877159,-0.0054107236582657085,0.04172336481261398,-0.1508551887189976,0.018989909943111005,-0.012268826008018536,-0.09712176302289384,0.007501115723458567,-0.012709375458295716,-0.0281075683474326,0.01956853561156864,0.3539438217456218,-0.052258530625511404
-0.0457798040155879,0.016570338252072433,0.09772442196923406,0.09201220765604534,-0.06309212976430521,0.1302196150388893,0.12280240559163366,-0.09127596146040493,0.032975902214361225,-0.0875515273702864,-0.07557855901741858,-0.055925071041100956,-0.04436479016073187,0.3571823582844208,-0.14358205403697344,-0.08967884750442721,0.18722785371693865,-0.017813098786434674,0.00994948440764364,-0.11935004058160877,0.05289497924252358,-0.0033702758186738902,0.010498863278091118,-0.0973254357978295,0.030226852459498767,0.018035250483884598,-0.02279725987817659,0.1564685032520705,0.12351119216620873,0.03597740699617372,-0.011456271305665103,-0.17103623694867162
-0.02158345450336643,0.15682044575744705,-0.04395871140668334,0.06406060195701972,0.11115745644691945,0.10934204449454585,0.08932644704626787,-0.06787855446268788,0.12779908562400613,0.02095025321668239,-0.3090806358886392,-0.041349011109304445,0.015324102709950918,-0.11647538017129372,-0.19062965272320373,-0.008786731118534154,-0.03957685863722601,-0.003796507602785263,0.07767989644349242,-0.1778928063439218,0.02348274706237105,0.1694174990292028,-0.11728336820951032,-0.016057725776795994,0.04283280125913667,-0.05140782661747832,0.1828480698691835,0.343935538446474,0.06923788670956611,-0.022324165566670977,-0.08769468193994104,0.05063287276276232
0.1692735366866601,0.09760892508538656,0.009206498687686238,0.21856685885590538,0.10490009930184166,-0.0811835732081864,-0.1317767886240073,0.07037439601819791,0.11280337341025577,-0.04256388585959862,0.028501166646823513,-0.1520816987403498,-0.14670789135230797,-0.25946394447491006,-0.055344036230301236,-0.08448298371052594,-0.0552980817863362,-0.123260335181831,0.16225993549859616,0.04439557901129102,0.08152248520668837,-0.13362285727964293,0.08127537574024517,-0.009827034856641183,0.0024151190788495713,0.04781850176441309,0.10401143993942481,0.1636539265144339,0.01698461995996772,0.12012612479891886,-0.04212927902210664,0.19455691568781888
1.7386941029286836E-4,-0.020938018312836496,-0.11836105867667919,0.17405884775330274,-0.022713027957236617,0.09308784060332628,0.07342978465933273,-0.033852679407663164,-0.05067145520088257,0.02526874329507509,-0.043262964601568234,0.2122438442655871,-0.002381620435255657,-0.06541536804512144,-0.06384458265986373,-0.15054744907032044,0.10211587812323757,0.18236991320639337,0.134801985214543,-0.09010693148409177,0.23185148361260619,-0.12874584013480664,-0.015685418573134845,-0.03787141085948348,-0.14474330047193007,0.07323327403478358,0.07151303356586702,0.03141282187553587,-0.010177486587156722,0.03566019940149558,0.16315073144406939,0.1772113135641358
0.017315170596130424,0.06356319892781234,0.02011534939907533,-0.03938559303368082,0.07659926741683516,0.13038597417750372,0.06705406265018077,-0.03921723405351176,-0.03585192966310587,0.03473583876887828,0.11881316394159548,0.04785110146078277,0.06729055572936632,0.08734921023479432,0.05541998921955556,-0.04828735658542252,-0.09302185255148007,0.0850230298059297,0.055158739761920414,-0.06467755105525708,0.030602651474240253,-0.0011567615735219926,0.009133229566049604,0.013490917754713005,-0.057343144575540794,0.07626417281255099,0.10662936722601327,-0.03865230324709811,0.06152838154578108,-0.02989153283425445,-0.11738245513140358,0.014753075815091535
0.03716430314856536,0.2196432417399562,0.017760207615424017,0.1656892969401007,0.02653366388520437,-0.05200095546223557,-0.14140909405769747,0.01298334689452957,-0.034790811932687106,0.04223320228291767,-0.12759058212542554,-0.045982929606035304,-0.04552856738638646,-0.062506625846973,0.0836694122901271,0.04424758379289062,-0.16544311802101286,0.05233285792316218,-0.034250923416373764,0.020273343688673777,0.06432654172223665,-0.18994918064009617,-0.02248729365271438,-0.051091568249136354,-0.1386947849597965,0.1636636082624576,0.016662133240082883,0.1569325217673897,-0.10535161101551796,0.12840491512745816,0.21532445152315863,0.09319668435553066
-0.12465558330684745,0.21418741949898726,-0.04748039630903351,-0.18980295737407485,0.01159292376186182,0.06498663169202325,0.05356729038558704,-0.031254584728643564,0.2838680158078504,0.2285090714142994,-0.2364808846198236,0.049910367020480316,-0.03310232631302867,-0.06303304951530783,0.13310230271938642,0.0922764214743461,-0.06902455471017532,-0.013423219160814608,0.07306138172498373,-0.0354298920881824,-0.017289941965757543,0.36947203966391656,-0.14115676341576341,-0.07348560928030799,0.030511326508705215,0.1264005211501388,0.004429164224065786,0.067958460103094,-0.1905207102255097,-7.545602300134853E-4,0.2744512995950007,0.08259289716011094
-0.07120573052080485,-0.06361204822271621,-0.1358157458974406,0.0963272731084957,0.015917279810938274,-0.054615476438379024,0.07759169443546694,0.06420997228600697,-0.18944494956282776,-0.048036814321735004,-0.046216359702487116,0.19050769620200173,-0.04224405005861949,-0.15941816377471896,0.20209877677409446,0.050936823613094734,0.22006476183039383,-0.04282855572526889,-0.031181269042126442,-0.07366767314158426,-0.14785187248652984,-0.16651755810411753,0.07310786670689094,-0.17434654779470687,-0.1849469642082058,-0.18055740994373198,0.11665593804738415,-0.14856497976146482,0.036771792793280286,-0.033323267992171925,-0.003410046424325031,0.11228282522619282
0.04110279622133466,0.019296881424591458,-0.11419790524841425,-0.19180702318312345,-0.002582965947915055,-0.042623956864364515,-0.022925845877540253,-0.12259088380203575,-0.238529715549838,0.04480792182798897,0.1747458856280126,0.045962460334907,0.16778386452283237,0.028624699272838044,-0.24842582438172334,0.14012391245054284,-0.007035728953075674,-0.06015866135114272,-0.1495491413905344,-0.07258412769997419,0.21571057496772103,0.09907361750935641,0.13039949728695224,-0.1251017700132761,0.09496145769001674,0.0690877798693044,0.12472223527649337,0.3152830338629603,-0.19703328068873682,0.32897420264588784,0.01820736428287006,0.2420066803507899
-0.0061545365486686526,-0.06593912430434379,-0.21752893827245173,-0.054380437424133725,0.023654868675658875,0.2053308534806888,-0.08281753586184987,0.0509862137475378,-0.07624983303784612,0.1207838562251228,0.16112420007612466,0.05090766822807966,0.03307849648819374,-0.06870004582876926,0.13330758873397483,-0.029614217428352397,0.16378743415989105,-0.17474454470198975,0.25223976782286406,-0.008264934314192982,0.040918886959431904,-0.007828737252097753,-0.05793509112912832,0.05911765177343201,0.04511600588736686,0.016401610782728955,0.09421953970979105,0.19864945196290199,0.05268617397965908,0.20616664485901215,-0.08054651831325335,-0.12710529076761137
0.1535439213362998,-0.0854187939245827,-0.1941869264865208,0.048350856171345484,0.23245434402842863,-0.07481767309022809,0.16527166390511056,0.052928525242937056,0.03233447313787338,-0.188965960423284,0.09587458645738538,0.09096254330999795,-0.2024884549732506,0.004379847755544137,-0.02582029644629231,-0.03257362966047875,-0.013942608140379011,-0.11044316333706114,0.11692600500774454,-0.011278414966362171,-0.00469829680538195,0.03142718066999565,-0.10691612187806931,-0.014363442501123428,0.0037306519877544136,-0.010024135301507737,0.061108755696305916,0.16870632397380667,0.04907444278296354,-0.021722117967420965,0.020823010035610576,0.044633417416835124
-0.12475214890352627,-0.01329269518969199,0.012138388084567433,-0.0693550186095931,0.07780923261410769,-0.11120252652874223,-0.10139191605119882,0.1735123441247412,-0.026816042580143418,-0.18141897460329034,-0.11697932476747275,0.11748116435044177,-0.012470165434022356,-0.0792469642716709,-0.004597500685740571,0.030576153433713102,-0.13096083148832943,-0.12387104816482764,-0.13493214887731292,-0.11242015941283978,0.07721722749910154,0.05837861713112801,-0.08418857244697188,0.028960119242026905,-0.23975912692951423,-0.11379708001147683,-0.027109738188160645,0.059294423868238764,-0.2606585768917028,-0.03962600853275561,-0.06789984335170311,-0.136936185151461
9.286729841399451E-4,0.13749789242982374,-0.018482336013972596,-0.029835721640779172,-0.008446843397833349,0.12014817046481249,0.09489904866458926,-0.03266170826099625,-0.05376843250276741,-0.18126710449899866,-0.0081105623514229,0.11143938346915999,0.15484906513498564,0.08173269137426685,0.026304312344339192,-0.01606983421426353,0.10157464065490046,-0.10067343353989637,0.08319845936290435,0.07965098014835408,0.15233561834609316,-0.04381551621485304,0.11029648644191743,-0.00886399479114569,-0.0416800298688414,0.013737298210222647,0.11994948371525252,0.03674191148131593,-0.11241978627852753,0.016263012032322534,0.17023662836122838,-0.08659788754939514
0.06943875087423615,-0.05323631624874995,0.023104155086674863,-0.06946868990951399,-0.04166188687813306,-0.057661550932434684,0.032435578946816555,0.03285021072374496,-0.11384062397983902,-0.10624710363030251,0.1706166955467456,-0.1530734203862268,0.03307139507278865,-0.19515127788288844,-0.08834567963104932,-0.045874880158935934,0.23580045868867436,0.17409760713505845,-0.1275655379098499,0.17485978719798922,0.025261846514433507,0.1342410784600553,0.04967089153966574,0.06931721031118027,-0.03450365770385672,0.03571527049012833,0.10297348275564101,0.3597267093109101,0.2287273933631505,-0.1953210538783303,0.007420225420742917,-0.01663581680636298
0.12638558518972276,0.040011615827063605,-0.06506392038308964,0.01765749511315435,-0.0949205128473921,0.004092207861609655,0.1195262899788399,-0.17292971469346347,0.1375014114990503,0.0025033825118413516,-0.1546422203924776,0.2097024317784616,-0.010037404692916831,0.0929239190110838,-0.09132202954761431,-0.19708352643626226,-0.008118223546249772,0.26136592863383656,-0.0772484468581843,0.0875629191618731,-0.05043199040742464,-0.09283131219487951,0.3223005060647763,-0.01794940831503763,-0.1302596086124912,-0.1515014541919928,0.13628104788656242,-0.03545871065868424,-0.12906110449836497,-0.0141445417565852,-0.04995554391316862,0.08773124493058686
0.022027262182989598,0.11434768910200942,-0.07390216500794702,0.14633446097807445,-0.036325698649702295,0.1720841549721011,0.12320036435473754,-0.2259351605154279,-0.03395925170530037,-0.10119802174416487,0.09630055442962111,-0.1866102260143576,0.046580522675558934,0.0067672926955484524,-0.23924982959138646,-0.06406281834429314,-0.3683325213429102,-0.066775873673629,0.10425367266380366,-0.09135017129206646,0.008988442700376041,-0.1345276545035089,-0.007864131063954958,0.1489968823998687,-0.029686980332939615,0.0985275370724111,0.1709219007664854,0.07516145595035267,0.026246983453058342,0.006555567860314301,0.1489277232068579,0.08189864925365896
0.07344659291893246,-0.07184994829490385,-0.06351110271480369,0.10392577761733647,-0.04494983645935115,-0.0744866400963193,-0.09772657326081644,-0.011592044452893115,-0.04013020684928899,0.046665207901624865,-0.1734532415788947,0.0028258040672974995,-0.07091449451402583,0.0210293292427608,-0.07617037935091776,-0.05216503593100403,0.014581424611924835,-0.12587238212554894,0.23040696863796759,0.17616385956987968,-0.019107141522456197,-0.06710045766528161,-0.032649519336669666,-0.10953853025790143,-0.18988649067548674,0.0033732284722766148,0.0839123258134865,0.21561713221282974,0.06819036511081378,-0.12001823427730987,0.08479126083103997,0.10246763291573945
-0.13577143075704182,-0.0040787564899218,-0.18364906156380964,0.03972904973644466,-0.09660114560685293,-0.15675336766727227,-0.030053830779195847,-0.029554541509477145,-0.08263133995886075,-0.10120300686665559,-0.004085013848308653,-0.02326405522755657,-0.13100390888875327,-0.0629677577619358,0.0058881164075424855,-0.04090046336143802,0.10325274518784851,0.19285367284197624,-0.18498729319660495,-0.10710752405683019,0.012383616998414943,0.02017649470587588,-0.0064647161167973085,0.17690661752335107,0.1415685593473826,-0.08467399795703891,0.2621538127231752,0.028051062509583165,-0.109059032811788,0.04060594034994637,0.11286467200135793,0.062171342283883234
0.1393829305177871,0.09700637994956349,-0.1534070172611828,-0.14462557433688628,0.06764330378025261,0.09944843444260941,0.10306544166614781,0.010746536425400332,-0.1618959156045887,0.017019887076863444,0.04786990311557413,0.012316234946222939,-0.008626202241110333,-0.08819435709125373,0.09542548083889386,-0.09201853238203563,-0.1793924191906861,-0.10603703612899026,0.10736379938705921,-0.08211226072476367,-0.08051195192646013,0.13442949376673227,0.020092045634294647,-0.03358852196236301,0.04464206459531132,0.04011672407863088,0.1729588460979012,-0.016331424864531537,0.16560442549393792,0.025938542327603165,0.03238472716811318,-0.017820706432477452
-0.253076865620797,0.015253490143188235,0.0549645341425985,0.05881118906849768,-0.13791558659386532,-0.26482170926238213,-0.055162424838877656,0.11853633810552808,0.0891163870898083,0.08791613285062672,-0.056341688197348354,-0.25056790088485487,-0.016350866267277643,-0.06258824509536365,0.14976338072581352,0.007454089732423487,0.005265238565735035,0.1376528646582421,0.07863005339604494,-0.23851162011422392,0.06828301239354892,0.05705301900449128,-0.023897407449349675,-0.19981189630262522,-0.016361621261582165,0.09801451478527193,0.09445811929698204,0.1533361550382493,0.09627988823321224,-0.13936833268706947,0.1269915779660102,-0.010831683632301487
-0.15318114945036404,0.05869805308565165,0.020493280877573784,0.004420929524890211,0.09032806886431545,-0.0487626199224541,6.288559333078891E-4,-0.028481246990392492,0.04440524177708574,0.14473295335157405,-0.16484310521982798,-0.006611455639812497,-0.1411903266604307,0.09503580270136681,0.12444840419776948,-0.07928584055836242,0.03536076409331717,0.15192950682470632,-0.14886589760919164,-0.07934934230909405,0.0868333730765482,-0.07425011925271652,0.06132326372872763,0.025593722763243284,-0.09111878798354392,0.040763641128913744,0.030193544787920492,0.16571748607408635,0.10827835779926802,0.09760529906830401,-0.007538149270912728,0.22635180119737397
0.18712521163118045,0.2904062797108753,-0.1841317852642072,0.028983281722639087,0.01169297655927373,-0.08285190446743948,0.026833906530328296,-0.04492967323000338,0.014145232379225716,0.014881530751616516,0.02599193170968894,0.03502107632825348,-0.15902655729104795,0.09157119404780421,-0.12723679379479697,0.0059018844896321825,-0.08998212605571665,0.07833637727314893,0.025695676865106303,-0.01266247820096232,-0.1393450231614237,-0.03495864358313433,0.009441804086794126,-0.008000228330787037,-0.2172907572398606,0.13503766377874118,-0.06083104565695607,-0.11738243346889636,-0.2922314245832324,0.23846224570261412,-0.029719409073723283,0.12671259389752765
-0.016984041025180054,0.056858951137215924,0.0630642450376304,0.18785338932599205,-0.09188221734440202,0.009028469820480932,-0.06982774107263812,0.021446625507707723,0.20496901551478924,0.09595358098628291,-0.02848899644392887,-0.09866790325877305,0.1153553410702756,-0.038818847461350704,-0.08532872014055794,0.13761683618324733,-0.20376386511928649,-0.07467330906889473,-0.08567656425056955,-0.018030209474396652,-0.03481055693491488,0.01811489475530846,0.07181631715655916,-0.0136036001394408,-0.10936842092342668,-0.12593302140589538,0.04593313141367694,-0.07311254714163333,0.05391678003300256,0.01578287349815608,-0.15234370843146888,0.01926076427843933
-0.049943434433737284,-0.12134456982190463,-0.1262817168395963,0.054970228272153115,-0.02731141142263658,-0.008184378371673653,0.1938426571041331,-0.08891907265428695,-0.1938774830136953,0.06831336459188175,-0.005518673928040946,0.19403737667822932,-0.05403601995723718,0.018227426712402402,0.017685278939783503,-0.08208907984177052,-0.07751599738957644,0.02029437877750035,-0.1742626281201225,0.04338077376036884,-0.01050113418752004,0.14401474826191768,-0.08939328655519292,0.015183916102558273,0.016456383823417603,0.00839293359207125,0.0101033476335891,0.1748771740708575,-0.23967175113475256,-0.06051420749759297,-0.13401680569338154,-0.10974022956602654
-0.12974813869940874,0.04004328322712246,0.2158069376980176,-0.15209977401057273,0.22609860063135304,-0.14376716459227826,0.10272849264171913,-0.0022399295982768993,0.13333743009070248,-0.011543498797515664,0.02432313330403656,-0.2562535140335997,-0.006405742629616697,0.08277394962948595,-0.008625173165038713,0.06074094828743751,-0.056549987449505915,0.12219926756718821,-0.1799128425258924,0.19422664312672494,-0.04465547110659483,0.0014111555906674866,-0.20820952600276824,-0.08868574333128397,-0.09707845217736423,-0.12469744927927341,0.12561310955379879,0.14236199120780563,-0.02616346172794255,0.14298123531404353,0.08159385291224086,-0.12861134453451595
0.002086681437532645,0.07159273704636182,-0.003675116536232668,0.05327410016131873,-8.949022163204698E-4,0.04603609489580581,0.11221415104093736,-0.02383849404000478,-0.08913416880023636,0.19116126251282112,0.0046313654488294356,-0.18099444093717637,0.15433215748454526,0.03856366694911825,0.022304705540160875,-0.016450065512781574,0.21511657138417317,0.09650107610422119,-0.12259019014893788,-0.06694144423079328,-0.22301503948467094,-0.16288929793490245,0.14204336855981772,-0.07560752206773355,-0.14666409133151226,0.12465328375317189,0.36172950866650544,0.08510273088754378,-0.01617777970176267,-0.07953380797123022,0.11819156974703439,0.24806462705966076
0.1712427586033344,0.07526241534036751,-0.06035032655549453,0.04531987328037987,-0.029922482487991623,0.06228884326131809,0.09759729144001897,0.01999131423113277,-0.0032728759689321547,0.03200502560484411,0.1465416694472741,0.0868384031392052,0.1156417254086582,-0.027587589257750154,0.0708696523537879,0.1063435651470344,-0.08108998482398241,0.08554398646317483,-0.13939514283613705,-0.12649568964303284,-0.11833928746223427,0.060268850304292416,-0.0781502111624121,0.033829921440568136,-0.0743105399955785,-0.012447982740552956,0.1270653083221485,0.03541064820039428,0.006658895279620511,0.16176892032194343,-0.02361596491898067,0.09356818527140259
0.2743724937770092,0.11614706496956105,-0.04240578923157749,0.054838958197777586,0.10887869663507475,-0.10269842655379231,0.08803004422749643,0.1121092808520877,0.006583031295047729,0.16187332822416822,-0.21545610169735607,-0.05944480331062627,-0.03718608246387948,-0.19694128764840033,-0.12280277997028302,-0.019480016128679757,-0.1955002163901478,0.04721486443368732,0.014192085043119333,0.09783890042668891,0.030925217888015225,0.015076952946010686,0.10606816752669349,0.06164609344024681,-0.008197308081844663,-0.05455600433628294,0.11410404104289433,0.011769858658769238,0.023193090262584964,-0.14516864881877145,0.03622393272821957,-0.0344792097476269
0.09846360023210586,0.13524848416337432,-0.13251141084034487,0.15410011022986242,-0.03160845136214701,-0.02173456292711039,0.1357063457637434,-0.044029489743251424,-0.08190361341729227,-0.16244663891233307,0.023217774597773248,0.03701864816730143,-0.15659221802529993,-0.20274482838990296,-0.022557396192505675,0.05607938986207976,-0.011587370732681929,-0.07479688201090394,0.21074007689443963,0.1007061466162226,0.038997889483450905,-0.19518797153524373,0.08297747120321518,0.09104672250294618,-0.14064162744399233,0.19144417588687426,-0.07095882951844626,-0.1311670996071862,0.04206099177877904,-0.007078378373762118,-0.1919934517375567,0.0015598565327204555
-0.010700804147273755,-0.10199523091837621,-0.053627987075593776,0.09437395929083761,0.038769140139712326,0.09111362932873762,-0.20215587812834535,0.20142301666572252,0.09517817677050817,0.179513787975864,-0.04899650446499145,0.07515034292079392,-0.11371824872464624,-0.04565053210419114,0.1048568415716294,0.05242423501712605,-0.151369757951537,-0.2510066335780117,0.1188462941018613,0.177089869894877,-0.046180322493337096,-0.006296213040126786,-0.1679187908856583,-0.08440360400296433,-0.045927467740996125,-0.047620654530245395,0.01917940032972422,-0.15833366706216834,-0.04358123890181775,-0.02292444114487739,-0.031114591659954314,0.024657138168260255
0.032612419055555855,-0.1613109618537296,0.006893540697031419,0.11566386966634366,-0.11674633413166584,-0.018385203789995357,0.17923899865362783,0.03236803890249206,0.05561561254134163,-0.08953113130611565,0.14975733610165648,-0.0027263458191944963,0.20859394610766518,0.015366883455631563,-0.1806036498958761,0.029601447849977973,0.16065014773010844,0.07527659294041776,0.12026211588794808,-0.19820292192307806,0.16495696077746333,-0.10064786813662535,-0.08210197141016252,0.08215630543768582,0.08501058489119709,0.01408308626183725,-0.13587188184030366,-0.009654303402838316,0.09372556693915683,0.004502764503168986,-0.06264467659140281,0.048500433085389795
0.05860097570131896,0.03779222251324982,-0.12454755796277181,0.016745068388961323,-0.08396092665643516,0.1178619926149496,0.019408593355955357,0.028999421182591363,-0.08264754730538523,0.08640452446286669,-0.0706380917473064,-0.058122405798036916,-0.0470069274007893,0.07812563416921549,0.20941224408457557,-0.07882895441873874,0.1809673173118792,0.042412837761480984,0.039716395913955316,0.0262442302019966,-0.22301517506821164,0.026362524830417892,0.2075238086715093,0.050081863207985675,-0.06278426629990913,-0.05191127953147481,-0.012671476846516821,-0.02531381897011048,-0.12718779386747642,-0.004272038053180259,-0.04189163656509838,-0.008778187245599327
-0.007349787373665812,0.06129262781566174,-0.07499321720893243,0.11184660369961269,0.027847656413269094,0.008437378612216308,0.13246180151368206,0.03776727824240152,-0.19065731953814147,0.05666190426287456,0.048787639215920116,0.13388255974360555,0.013331054651560642,-0.10636874400640328,0.083457869957919,-0.15183749440655497,0.052384622496413534,-0.18277347095966465,-0.0093597614149387,-0.20566834821113059,-0.07026186927537155,0.029274831049363646,-0.22488745018304535,0.1870291412027953,0.014712521234614938,-0.0635711526566149,0.12347153903964253,0.001196875112036479,0.07344919923610167,-0.02001535509597948,-0.04900281952766596,0.03404716919893206
-0.003962813416680687,-0.0945273170144151,-0.044764803947968605,0.10444860052252042,0.18054275671580197,0.028233162519625443,0.010771015069328024,-0.026247290952025003,-0.1599271621816783,-0.010824039598456826,-0.0223830551026638,0.11059738559545872,-0.02779362713859455,-0.016707839798173467,0.001397970357802522,-0.1305880965541133,-0.035586798096032136,0.04875483528583314,0.09770230015796194,-0.005743179553685741,0.06270029521893027,0.16251869783920445,-0.015422060404745627,-0.1586580512268508,-0.2535482573612713,-0.09782576157572907,0.02813521494006023,0.014748876168787589,-0.15891896661732058,-0.09550924839298157,0.07404447867056377,-0.19809735846463034
0.10507555043263672,-0.14943148768865666,0.003767194084464352,0.12091665472996821,-0.07587130979107636,-0.07261385117344418,0.007213091900435639,-0.12823257427049223,-0.009319020898048959,0.01493539225242111,0.1975851876084767,0.15978283813584238,0.0869566833847905,-0.0197188521037884,0.05344196494335216,-0.16579599655746732,0.05867463790705467,0.14140771461178964,-0.16255041812817592,0.08754504901890493,0.19086751004339736,0.12120304463598579,-0.0833590234631752,0.08029966319172252,-0.16557610231793027,-0.02568802072028036,0.00423326759746037,-0.08898399043328664,-0.04095758074979622,0.05664452816376119,0.00909090840988135,-0.07238713056854591
-0.14413934929659503,0.06521082565502495,0.07052537094864905,-0.05033977670980335,-0.164505751523369,0.12044070118257293,-0.038367539959603444,-0.009998382991083642,0.11894831460127404,0.13187325943840206,-0.029541603125201713,-0.04248610271336249,0.0806137816580354,-0.13607286369582478,-0.016701031987343608,-0.10976710203956495,-0.1035534380677315,0.06466311808124091,-0.03592547904231238,0.25525661613450906,-0.2918041911056841,-0.05354658683356371,-0.20640916030302728,0.03071926574311032,0.08269655728525847,-0.04236740824817391,-0.04276314647230164,-0.01253553864449941,-0.18520494330181672,-0.004896137067084896,0.17144769935429358,0.04568557315369141
-0.03865988616375383,0.02483781944793457,-0.18149026296108164,0.3398168527311584,0.058925316008812026,-0.17627778127176627,0.11488263935418853,0.05467663319413536,-0.0393855348266223,-0.17951846215623996,0.0955251418702672,0.018742436732730135,-0.04585560803936799,0.12932813129190743,-0.12487276459787439,0.009413567933107735,-0.07892492741569944,0.4800604262976525,-0.0075675423272977705,-0.12076894564350261,-0.11826773889137983,0.022897247873372044,0.07811901624312821,-0.1019240630335306,0.011392771137707909,0.12236412785031674,0.13676131633060407,-0.005744896096614168,-0.10614432003474637,-0.027684377694323838,-0.15826361647518547,0.07233181589275003
0.00620489844132011,0.3032436180771823,-0.15338687945959503,-0.07840691141062611,0.05006416020771931,-0.06340938873601136,0.10375996312539686,0.13926760547740924,-0.028450231829446636,0.032430384823372585,-0.031657446491221736,0.24441992666706733,0.02245344290109979,-0.04130439181941699,-0.11661521326014389,0.18185809146741244,0.04143962038484522,0.19455724248774053,-0.002471233421294353,-0.10913313234966436,-0.04011670893998771,-0.029940135352190284,-0.09229611003414248,-0.055989662943545244,-0.10575779246408887,-0.22911752274549066,0.15299439177259574,0.11742277253944017,-0.1735944233322184,-0.08999092819078199,-0.02327415997250782,0.07502017741314776
0.09645440121687418,7.185947257003465E-4,0.19418156657127936,0.2582619792785663,-0.1671126191624749,0.19684764263095897,-0.04482995115698995,-0.050434287780322606,-0.21198040591643563,0.10067024483987416,-0.033940101775001105,-0.1050569933327595,-0.04252798151005631,-0.05507915574171004,-0.04157681827595261,0.04982389579211513,-0.1646076366630273,0.08228992572798365,-0.1113528314761903,0.06861690952654027,0.07523262938850339,-0.16137647941862904,0.06219562231876169,-0.052398023177157985,-0.18492395297415584,0.06694480121077445,-0.0012254819578603835,-0.14015007416745487,0.01705295744513164,3.930968692449871E-4,-0.2664335441202721,-0.1294605757694581
-0.05786746669205265,0.10962182721653004,-0.06386139557086166,0.07785744582521462,0.009202600121016672,-0.14617340213293661,-0.2534996081392089,-0.03102355082941094,-0.01933237608756088,0.0028994559504993463,0.1339474440603841,-0.09511631171171744,0.020554073221757143,-0.1905798102907808,-0.020141215580725156,0.13695099539800867,0.05878643158427691,-0.014572571234622318,0.04567293085101203,0.13667709160826896,-0.013878172211484444,0.08554708596063555,0.08527764108763104,-0.07405117929702565,-0.19427909390944947,-0.12926381571891088,0.08752255661913702,0.16525924066023,0.11430470302523402,0.04837375007422743,0.01954631611023232,0.051130451533861844
0.13814526624615917,0.20528067235645356,0.12620911040007743,-0.014112624862911144,0.15849263910163655,-0.12639447133711132,0.16390204670341182,-0.03562533763947949,-0.1796701414746839,0.10619190334445869,-0.2034658901351321,0.18460264295943055,-0.15071167352310302,0.1449224869873941,0.0025011902951189505,-0.26856262329259684,-0.15324999982200854,-0.05536620506763877,0.19269183079979868,0.07136583747654401,0.029994819899359027,-0.0697255939321541,0.0029131486156061324,-0.017910898437794583,0.09401921310856358,-0.23100907451804423,0.030657058030511924,0.21625320681503807,-0.028529132827037722,-0.026375488265768195,-0.056951449178830396,0.05800865338511118
0.1326332488620901,0.0037492641157599025,-0.01678550038326317,0.019773868471311795,-0.026648099210198905,0.1507885741554588,-0.10842892541256205,-0.0094883916614,-0.0438912752350426,0.33769271362741016,-7.986802956708198E-4,0.1558275799815596,0.1779575967112344,0.09349562220877258,0.04018212293526718,0.005126392740165927,0.013524854547444442,0.05249984201402785,0.25664135308640196,0.17731645492307355,0.04235663246974486,0.03709075279313039,0.19274760544789477,-0.03401681448611837,0.06287457765849228,-0.0032094559348855595,0.11649680867303479,0.04062349492298774,-0.05222947362795492,-0.19172273351300326,0.06246706509686155,-0.09498252455567623
-0.06822547870473508,0.11107369527944558,-0.13181186704298212,0.05125162511019498,0.11496047295816803,0.12648583671324398,0.03771214835746514,0.11895999424277359,0.05955337588645153,-0.21516085890919276,0.04242968167300694,0.14650872863763706,-0.13867120625682888,-0.08792754606235416,-0.1259262918958229,0.1301640208106954,-0.08811960423808068,0.05819125596058049,-0.06276960805118975,-0.08260451129003724,0.19380541060421977,0.10226812231195052,-0.03208750986926015,0.055473872595931284,-0.26372156328682456,0.08837267773481151,-0.014628975975807828,0.00645134686102122,-0.04468772745126614,0.02753758892232909,0.11786554148429017,0.13532176732324516
0.09405609237524984,0.14826162065397816,-0.05578391597078072,0.2007573514230203,-0.10084872725309807,-0.10490466813827568,-0.0283402613855131,-5.223375341674302E-4,-0.08276242416620848,-0.09814679594453692,-0.015467606672032836,0.011635192403485635,0.12481186043453928,0.19155631642086443,0.062046438692319045,-0.048438362461117844,-0.18479012373538042,-0.01614137075738371,-0.043701190239036077,0.001832912112855344,0.030928377039678948,-0.0675685108392788,0.045182469744575446,-0.1348347904978532,-0.15239507547427356,0.005573749658259562,0.25085481783851815,0.040989605532639736,-0.16231533946593119,0.09774057209343569,-0.0568591597129893,0.019676962604675947
-0.12039710196812495,-0.013583321286212624,-0.15193176205390221,-0.03323344077096358,-0.024051094898191933,-0.038021925668449426,-0.05826490064800918,0.1928669926623326,0.17033341053355122,0.02547202542611854,-0.014878380556572458,0.08116893643786238,4.325715590950399E-4,0.12049166627444219,-0.25460004774344697,-0.19247456045899705,-0.06543896630889462,0.11720079471016533,0.18046622581168886,0.06964918370832239,0.09451155256139707,-0.20878026984425269,0.07326359539746027,0.24504673069052732,-0.004003666870692667,0.06326713494820112,0.007470549425115509,-0.018079044494354626,-0.08720251056351222,-0.08999931257463896,0.052153017681191814,0.2851617246322063
0.22901738873596994,0.019959556332993622,-0.10987829122730686,0.13345054413026816,0.029017182716288774,-0.05032603299754357,-0.06397108344015624,-0.05916805084038068,0.1205202668765892,0.025459567513666088,-0.027928742851698305,-0.06508222944877928,-0.13410183593841887,0.13288524661444232,-0.2024064073601138,-0.03884818719051865,0.053114700079298124,-0.003007755188342045,-0.053120050526420874,0.047054835757237075,0.13623576281812022,0.07746035410815007,-0.15344855061740784,0.14618706452147995,-0.024946895403118723,0.08444124945496656,-0.12293022339099756,-0.033626182430887316,-0.08887524058604032,-0.03556447909163168,0.14422482193248257,-0.10303620374365077
0.10513357412876181,-0.1362013355510571,0.008808439017987663,0.05304616813648662,0.05975002169450311,-0.022588735832533714,-0.002731996794474458,0.12106303857499219,-0.11316283126494561,0.1900814927528899,-0.09344754028219045,0.06187569566524201,0.20420458476884037,0.07451132972557402,0.10548182333233895,0.18767437269042955,0.08087888707101866,0.20999485972664775,-0.03889324798549673,-0.11570373245085176,-0.16059639019885563,-0.03367350605406011,0.021369748242366864,0.20650184181528605,-0.028615787442238895,-0.17542310106001083,0.18359085754503138,0.06202976924668982,-0.04272699871724087,0.2139797917281053,-0.022412048241253674,-0.1946942395405867
-0.06673335287997842,-0.060111557089070684,-0.09537695801037077,0.011946051765873673,-0.07073256941913375,-0.03780326973381306,-0.09960029978678342,-0.1258627357448477,0.18513003969379657,-0.09973643134496736,0.01821737914416097,-0.021959221681510002,0.16952252096174755,0.08393403697213081,-0.1352386023156125,-0.07416670048495816,-0.12741594508862994,-0.021468977402468344,-0.052359743427039945,-0.11571893601385795,-0.06355971556705205,-0.04910446925929902,-0.01023152513892759,-0.01709042117661407,-0.021550913243842784,-0.044802345221591294,-0.03242434600953482,0.08174642861512829,0.010268500225883137,-0.004143026626770992,0.12959926235601588,-0.08841604571162102
0.004765806845979655,-0.12843709318033325,0.16060513967067075,0.010860630149276497,-0.2698090277429603,0.02994356364563737,-0.12062303781698792,0.016697678998431272,-0.0793841667064489,0.15607356924486426,-0.059779436220498465,-0.13965655949480832,-0.0688974964429306,0.03666126231605785,-0.1298437380988489,-0.12591214920549954,-0.07516858886090388,0.020663543797927876,0.005495404813463976,-0.009289499697787721,0.10184975150148996,-0.08929551683156917,-0.24728276926788398,-0.12888579527447544,0.08932715690954202,-0.010082705857158081,0.02005200109628082,0.02682901690060017,-0.1656962460264298,-0.07614579902029762,0.02790083856747797,-0.03820798149466675
0.016957310005866207,-0.17845944646476508,-0.10612197211145125,-0.06774451073425897,-0.012019410989889547,-0.23418083140335277,-0.08051117280291036,-0.12482840686167247,-0.1498878741761951,-0.16012432515492167,-0.05609262444798909,0.08943185844123375,0.18025207662808818,0.1522893851423909,-0.07042867749739208,0.0730539149878757,0.01868506315672011,0.043279504919670066,0.04540747420093264,0.07972122114877164,-0.15121147886774777,-0.10586634247873515,-0.12417580499142894,-0.02533184888471596,-0.17982478046687572,0.2122523196713258,0.05365418058807646,-0.19470645013443733,0.017099410253053976,0.01254833353533296,0.12024121160763193,-0.07985701926425212
0.19178211596139735,0.10916806928795778,-0.12684921422220932,0.18837591939095238,-0.07810639837531384,-0.014778178421325922,-0.11221778081169304,-0.08194518615019153,-0.2922632182970695,-0.06575111395717914,-0.17677458975151494,-0.007683593664478235,-0.17225356426827407,-0.06733281336099453,0.046458665493708216,0.007363252226222545,0.1469430228039412,0.20411063889088055,-0.045664376470838576,0.03553374440649026,0.3576681449655615,0.0042321240488637285,-0.16881974069109734,0.014725695900308361,-0.04061358624462068,0.03408494518896746,0.17470290410303493,-0.19716233000828767,-0.16848885806075525,-0.08925844665282416,0.2375804436476942,0.05764031934661963
0.10752214765752555,-0.051849938912989064,0.34278428812667067,-0.11492665294804233,-0.04848601053968903,-0.05777358610028004,-0.10623613542022053,-0.2853521440822441,0.023218638921647987,0.009007537733261775,-0.21759531245938699,-0.12141384603123064,-0.24009171450020836,0.16994581741835071,-0.04113533196586481,0.14922628440885305,0.11985896731943228,0.10414631245831801,0.1072086819956269,-0.0053451261951028275,0.11803955732421138,-0.28348509632628416,0.16519502050546075,-0.20301114659680528,0.1540105557693424,0.16415349615371883,-0.14686837038931266,-0.11489111645160785,0.1717963781101548,-0.08738307212223284,-0.014368803777937693,-0.11004221816438502
-0.10517200966889093,0.012949371249982435,0.13125103206624286,-0.15748075827657582,-0.22304593597125985,0.1328943865424788,0.08538738296907916,0.1619791592653007,0.3242659409661209,0.01876497621402561,0.1559809272732843,-0.17886082422165392,0.006269672292976515,-0.08437315913859236,0.027763856724181416,0.03945698300504185,-0.29096332871110037,-0.16008778936786663,0.03009352821073244,0.12537393043487338,-0.011898557385334628,0.015976669183499968,0.04529730837948477,0.09800044955408882,0.13912630390688416,0.20004461963001555,0.10719151253971407,-0.19816794869838225,0.11472008515629879,-0.008050500531904845,-0.04502490401331831,-0.05567304442793377
0.0315502343055975,0.14471622766602146,-0.14862358209032897,0.047678691924503774,0.03128965568524825,0.18039561692376702,0.08983472641629778,-0.10245606524967832,-0.22027812890946563,0.02115329332562711,-0.04076169197401569,0.06848270800232428,0.1290995961249447,-0.03392651438271388,-0.04886958417319978,-0.12510086659197686,-0.18694674918073742,0.023662978723146356,-0.009270456685094068,-0.017930849110747736,0.02913269509070156,0.04830329321931509,0.077862974948268,0.17918799962981471,0.03381128235167763,0.20456794835217174,-0.18130900636636393,0.027797184654711333,-0.10794358528142314,0.028842224849332722,0.11926874959267023,-0.04304152153687554
0.019805497665641176,0.10888001737627528,0.05863290574318645,-0.18174287920709653,-0.19539444949717052,-0.042658625509794865,-7.277380335961074E-4,-0.05672706834209776,0.15287431869210158,-0.04835962896222847,-0.1222511086176807,0.024222285859728587,-0.21318732572955454,0.07099657350546139,0.029140141224793106,-0.03459905244503683,0.1289013689060728,-0.02597777793592195,0.08862653731490443,-0.05626286832838753,-0.026432603734845555,0.005874529314077862,0.13107038801174478,0.09614809811008453,0.1214471540260127,0.38521444040703445,0.16946592556896048,0.24830406188082887,-0.17021038263157628,-0.057539879468298,-0.04364476793994876,0.06369667663210417
0.048965889432314724,-0.13280652022304765,0.006017786519078974,-0.005216032656744892,-0.08506462966585629,-0.03456702638522379,-0.0831805284597357,-0.03996962183640299,-0.14852604081979218,-0.10041086428296772,-0.14468752116514932,0.02786599484805404,0.014160684263389206,0.020119630051619458,-0.009847184716377287,-0.07903513738243906,-0.13991536242943906,0.09701207859372203,-0.061284114220809996,0.054138817705620505,-0.1643134307908211,0.05717811455650057,0.04664390368684815,0.004410843775593864,0.0618052665854494,0.012215081775320182,0.03679948602682705,0.07948993798517089,-0.13733869951705865,-0.004473871519522688,-0.040773067579212945,-0.04274495587606994
0.09760410384766278,0.217723175799804,0.05160846702129613,0.41531856141756196,0.040777741262655674,-0.07578748630654686,-0.051576939103801595,-0.054952692777334486,0.05570617707406146,-0.08099903596603003,0.11120039419970264,0.17646233176657788,-0.08661398780148509,0.06640328204090011,-0.149069976257459,-0.038296772626459086,-0.09982647614147197,0.03784112412561313,0.23881196938549798,0.16222410963527345,0.11638144259038055,0.3128697245237259,-0.2151850447507822,0.008828305985943766,-0.088051852278243,0.20373495963371355,0.24469033804264673,0.1809963251865608,-0.1188670205530905,0.09782742536103993,-0.011560379806118671,-0.0358246655730437
-0.15010969693253337,-0.12696055570570744,0.09563388821375814,-0.15510094695343143,-0.1578739508893817,0.08246890548170038,0.037341640232104505,-0.23626946764139162,-0.02331434757790692,-0.13301105911330083,0.0440302900999315,-0.08299682181959847,0.11706964699257291,-2.634930439609491E-4,-0.14063498570703617,0.0080118657950146,-0.059940527189105676,0.008271701470339822,-0.1543617851944464,-0.13549572161113166,0.14908254243909358,-0.10594764877013203,0.019087565157467307,-0.003580149382272634,0.02719347679157322,0.06192341201404167,-0.057622987044082,0.15643306394529868,-0.026064827619294767,-0.006616309665244137,-0.032196905676710776,-0.06639855322987842
-0.004270756359794809,-0.08404056747912775,-0.03512512045665808,-0.05212331277758862,-0.022257106269639684,-0.01218487838673936,-0.0873504086425839,-0.09102699324930011,0.08726506517758835,0.017036684874413194,-0.0021932539385500624,0.12109082067001571,-0.1970051941123691,0.002213952996175356,-0.03912813339911001,-0.24822598320559466,-0.04140214673933043,-0.1784545032085805,-0.019051161092782043,-0.05441888979620283,0.06059248242350385,0.021276911409026048,-0.018330543090049098,0.09334336056990762,0.014289635530412582,0.11184789623979027,-0.045967798106675034,0.03655396272136684,-0.009488171783848011,-0.012369200381642761,-0.005701292491871448,0.08359147584632541
0.06740690283581356,0.08735534504762946,0.030470910502018122,-0.08173901869410971,-0.18768673692294083,0.0628932908264098,-0.08326595696703654,0.06274609373945933,0.05666059533449437,0.3578278985701639,-0.011707794446911873,0.20019789853438555,-0.042529012505580735,0.2953923155848999,-0.08444314872817782,0.03830360022007448,0.04014176995370707,-0.157223833049429,0.09587362371307417,-0.084407505677066,0.03684763658007901,-0.09451555506462966,0.2501158669678392,0.11942460516358665,-0.08705530746267501,0.11881645606620242,0.14796229627586374,-0.026914032634744574,-0.10562139147470223,-0.00861111052313715,0.02971654379056724,0.068626073028102
-0.08618969691569023,0.04635817772281417,0.006110560978502262,-0.016131290754529248,-0.19125794094213816,0.054548449415676215,0.16654290453587292,0.060450607421732507,-0.026882366477252152,-0.09740584605675827,-0.053825039591762734,0.14641977344547652,0.043715842722927764,0.08723839261579498,0.02300978492421481,-0.11614440074298171,-0.09769330676844852,0.13661416921511832,-0.06343017371814698,0.15997691713932216,0.11186449383145272,-0.12918269528688997,-0.013240665496986033,-0.011606930462712137,-0.05763132246243021,0.026581500527895076,0.1540913326876027,-0.07855081916645637,0.047283656115959916,0.10711501293242394,-0.02918645006766747,0.18971044532352052
0.003856162373382723,-0.032672983543341666,-0.010354965302821484,-0.06475002092269655,-0.43461852579656973,0.07323854729040798,-0.02311145374410901,-0.009514156269607214,-0.19806175864424083,0.22484859414696284,-0.013979500009737168,-0.02899651570727179,-0.1868830842925825,-0.14148620895181038,-0.119369291310976,0.06820006077661937,0.011078790321676805,0.08078797321142749,0.09742919815517656,0.03265137458093456,0.1326194344257271,-0.04803131178504677,-0.03791073468662459,-0.028922554155832423,-0.15468025764518542,0.06763856210128222,0.1002624235864708,0.1698155943372048,-0.12089177018586607,-0.0387603712105188,-0.09405823249499391,0.08242981269169042
-0.07657315174022576,0.12458943538370298,-0.017606422353854564,-0.03636859046071045,-0.19811632295217876,-0.10124973025380739,0.16426144160522752,0.049293006662081564,-0.03626707749701834,0.16243345096013848,-0.006704554892871176,-0.04697302727092304,0.015131008245868788,-0.2545543144723351,-0.14428196455086226,-0.08300503641573315,0.08330308936857711,-0.04558901791025013,0.06833085774925056,0.05221990109801698,-0.2713059724978772,-0.06067495765577004,-0.0898179260281686,-0.14289648320131806,-0.09325988067176826,0.08921537193026109,-0.004232773632209185,0.06667157630668215,0.0675932984214867,0.024234198146842467,-0.0077062256134217905,-0.13354987146836714
-0.033228946435696016,0.1107698034281327,-0.025932925503106594,-0.11228191206978157,-0.15299703926173452,-0.09289940780210601,-0.0328757970535614,-0.008068167783244129,0.010139388496673908,0.04183778238679385,-0.06266091960556675,-0.11456257069396791,-0.07750908007193845,0.09113641276411595,-0.18247258988203155,0.04552063852952593,-0.028772285232327513,0.08094733042280966,-0.15599868444165804,-0.10333485767897331,-0.07793936503293317,-0.010899990488110675,-0.23953085425352375,0.13101715122939747,0.07610670135341929,-0.1366459132030836,-0.01811440559619312,0.14408145833240718,0.006871503318356817,0.10157575048846548,0.049416122404239676,-0.04730810127076432
-0.30799856466391123,0.06263119573186934,0.038754852113082924,-0.009881381164340987,0.032867712542335566,-0.05749586394505997,0.003789657700109264,0.044890962201280624,-0.10796708564602375,-0.06754557463837771,-0.06511087639162548,0.0067408153596282055,-0.09175124199803862,0.12697077470924603,0.04198536427870287,0.05267789870598467,0.17520385420856782,0.09798364240481167,0.2132858425673206,-0.0220519415545065,0.1934388787736357,-0.09951326366454998,0.15253955891812856,0.07710037795839168,-0.15539674104707807,0.02174774113458399,0.0688766513797576,0.08273639560466979,-0.21596481786939212,-0.1206776594038707,0.09020596902151516,-0.15517356351692008
0.10417278096372405,0.04835352523688068,0.04168076366555852,0.19464285244432444,-0.12324633799705328,-0.059008779868002584,-0.13638927242410612,-0.10934391985582777,0.08493289678722123,-0.0482434586482953,0.03550444910670089,0.1242603927592239,-0.19966550579209216,-0.024076233313014023,-0.0692636238580868,-0.014891416066954384,0.040757590668949,-0.11979996840897796,0.11502140568895222,0.06184476447440033,-0.13884088830859695,-0.02248969490832846,-0.11698726519556372,0.2722501809332539,0.014603171778352438,0.12528661637825053,0.17656856648741845,0.125295026670245,-0.227012204839254,0.22822176607787256,-0.04538051199002441,-0.019402007486188665
0.004610142903239377,-0.08936586519320708,-0.12922883136803093,0.09589920594962888,-0.06155611309881764,-0.05503573070696326,0.08143479698844863,0.06438337907845633,0.07215731706846966,-0.030166316613833472,-0.11904825479565438,0.09255075555484409,-0.11788982466792705,0.2790515912165545,0.16811465453795874,0.04707079385012402,-0.1543091094867688,0.11620698411599656,0.25554035831276584,0.025541000944559855,-0.04623158128100324,-0.022433370604322496,0.020139817686366922,0.08706005828064618,0.1006368705385084,0.03611072392914094,-0.24671864588828601,0.019685034404179756,-0.005327624880398153,0.0049329264949064915,-0.02862469981890423,-0.054998094593976254
-0.0524050621445471,0.2355037268166562,-0.028142621986610144,0.1089174983338535,-0.28738870507271325,-0.023557541802979663,-0.06887789889859723,-0.14581405122705773,-0.02887890202315337,0.028658872751387638,-0.23325022616723387,-0.056534854116906355,-0.13088991166801228,0.11194456911456932,-0.18237549212722248,0.051389153633889066,-0.050350792518446416,0.0016381680435161616,0.011584020228400197,-0.030188056712199453,-0.021523238076976627,-0.043641312217977915,0.057386358188154234,-0.12410790645517511,0.09048160446502422,0.10479360344191353,0.16000891220251498,-0.026208112495559675,0.03990523552200697,0.08366135011608983,0.03508730748189267,-0.1074090902118555
-0.13344440436370122,0.009001693974632402,-0.038081110016549874,-0.043544518993762375,0.012510666683574749,0.04549769858415485,0.0026245449087789184,-0.19655213626911772,0.11476993218001867,0.0027805534820103763,-0.11470870081614887,-0.002107453445614773,-0.12121152797699297,0.10145985298198348,-0.053109114628065675,0.08023423312976942,-0.21699613106362156,0.05070100194073352,0.10063613234865784,0.03965679562092045,0.2372942192792579,-0.04244665366284963,-0.07424945696366354,3.270157559978606E-4,0.010031689631416863,-0.030057642822565907,0.03058542945677636,0.1570973951187302,0.04642578400354575,-0.2559276636470367,0.12013960331928446,-0.17298156173161935
0.03655275158558363,0.13942249328143247,0.013290849576301602,0.060518293017890544,-0.15971678278671259,-0.018109333754914022,-0.1756888778995867,-0.2656556234995784,-0.1945007318567828,-0.08178523951397128,0.18535587778968787,0.05031432266619997,0.005428564396817569,0.12066623934248318,-0.02297311298684635,-0.09171659669111502,0.14391627002630145,0.020966517000038102,-0.0015362851446496656,0.14113346606581692,0.1767564004502079,0.1300347005504193,0.17547965665308302,0.13941964705995893,0.07293805916399201,-0.025792205847639776,-0.00999091984384565,-0.15788174630374685,0.0220249189186011,0.13924262825365777,0.01849630437378009,0.22627932996760727
-0.12897752037333216,0.023450441341921542,-0.15858403653869899,0.01714103959068492,0.06744152471527047,-0.14453172969538125,-0.22022677921399203,-0.13319426596335404,0.026176577795149966,0.11480713265922009,-0.03827987911297929,-0.032947654278237155,0.07250321540906166,0.014284062362598236,0.1381603530788034,-0.15866671432447985,0.15261910364115058,0.018568102471475653,0.05767674900695003,-0.09055195222137705,-0.08547397810450826,0.181849566765716,0.06798308991670693,0.04627797522257556,-0.0931563194061008,-0.03494517302199594,-0.03343373641202853,-0.03105598665286438,-0.07774295819575804,-0.05252876429472169,0.16039442531497056,0.09767985371602872
0.25940431823686305,-0.01280369268741772,0.12474697725430067,0.05905079074327324,-0.0019953180081323137,0.08207139321761911,0.05264034002357749,-0.14948480150558568,0.0711524841092748,0.019386540543356333,0.12948431439993807,0.015393550973163798,-0.035114116473580106,0.23659082264586143,0.009777842129565057,0.05595057818277696,-0.022788572938080166,0.06317620367964168,0.02131714452497441,-0.14047598215026105,0.13872024294386015,-0.12201682249305355,-0.012818582290188216,-0.1782336392258335,0.051376938389305724,-0.04467100313694331,0.09283950951421366,-0.0012803215585241523,-0.27345038720512754,-0.18636751341343938,0.1977288913867552,0.06835213599999904
-0.005701894640286652,-0.044543398967127175,-0.1333229867099076,0.023034020669882676,0.22578003564869506,0.27450773586435673,0.04033092196658383,0.02486331787064393,0.1527397694055555,0.027475928545950483,0.11613968769440877,0.03622375901720235,-0.15915473785398168,-0.15612580922398686,0.15664733549945473,0.039313970108342075,0.01343287336345088,0.18994757184617578,-0.08810579160479413,0.07950581229436715,0.023751817740568105,-0.11391912423282079,-0.008025508361509639,0.10569481811990714,0.0760346695639985,0.13856750613604188,0.10577794908685162,0.10547371187105142,-0.1195714027955342,0.18760224120434277,0.016518078215952744,0.12783914982262354
0.013351662886816645,-0.23545341119249405,-0.10126402303429308,0.06907793809470161,0.04007328798613001,-0.01804662593355846,0.2896213103673731,0.006229118695926359,0.09706790586897088,-0.1819424048175787,0.05057534889546788,0.004492902270212065,-0.05259465401117758,-0.13913630213477643,-0.05770607694015595,-0.025817052301521794,-0.10609439879706606,0.1659751024382153,0.044288859274731945,-0.09483249371304717,0.1394458693056961,0.08968824679912916,-0.0952361978154966,0.20236156599283292,-0.007016078715924111,0.08614817590890277,0.006768357566407635,0.04564127867919764,-0.003307073231090244,0.20826708843905062,0.060554501169285554,-0.09729198431747407
-0.07511713825547049,-0.03122084779456228,0.0534185407809732,0.010084158070532034,0.2451556802475393,0.13004118662328457,0.0123385272553969,-0.18734179977475052,-0.05130773421833754,0.14556724227062415,0.18978810698581136,0.18490243405622575,-0.17458254459114234,-0.07859199348155019,0.015506637038146412,-0.018363176166623786,-0.24217599823622066,0.05630895133464912,-0.08996625678528451,-0.05635141441736408,0.06844873846143584,0.2113189490025029,-0.33206115340065245,0.021498143630154894,0.12067219480650992,0.015128284267921777,-0.11235336516609185,0.16968283928293293,0.0659217172983979,-0.37165621413924216,0.14728807152702955,-0.009832546359478278
0.2712293754275504,0.06433850717581438,-0.21812318876936543,-0.05821552535480915,0.025644210164590054,0.24093320046067543,-0.05165729487515651,-0.05184261723522454,-0.18221520776879843,-0.09637363283058044,-0.1765100432821061,-0.19853407931774417,-0.15708506434872463,0.003875657944291205,-0.11563795894657998,-0.12329554757051356,-0.12875544671217357,0.10342533312841379,-0.07916910038583952,0.0802142874149244,-0.09825809988750497,0.14992641972069612,-0.20865487551718648,0.00868497856065223,-0.047377556146900486,0.09974907693130135,0.07557543538989475,-0.1430137705178918,-0.01225218974709932,0.015961473458212413,-0.14870848321972222,0.09702363347654767
0.018557629773767032,-0.00143179826665124,0.024359438387859717,0.04246960256313361,0.01588059453654319,0.12248610907438214,0.1969004771038819,-0.1033693641812228,0.04972926819470726,0.0016471982310816552,-0.08773347578754243,0.1704731544120232,-0.05064965572327081,0.1561661129976243,-0.0614135540253628,-0.013737000075753939,0.09056812293122489,0.26480123667455974,-0.10606055380420104,-0.04990912565637249,0.14578597011622318,0.0302093004292576,0.061703990852603544,0.0491874008483973,-0.08026372516876393,0.022590788728679406,-0.027499602256998358,0.07345460125771269,-0.12606794260650908,0.13514790641606492,0.17282360206545527,0.27620225681858807
0.18291540033654285,-0.04826625940615298,0.037759208583166205,-0.035861888853190485,0.031824214581481935,-0.028623311447031032,0.03285770987934884,-0.17951303718529713,0.12354184862542013,-0.021994314018467853,-0.21700501893615787,0.37873682747898013,0.22160271328986292,0.06481783549452244,0.21482063187583625,0.017620137732095587,-0.13976266844733948,-0.008395465393621692,-0.042315807755688335,-0.04459928201236443,0.15736171957397244,-0.04458991019188373,0.014770762760512786,-0.18291171268401873,-0.11968637260259749,-0.15586438311475603,0.06279312523652476,-0.039581086512989874,-0.1819668790105913,0.1793509989825041,0.15940031829230028,0.06503406681996358
-0.010967002654204677,-0.1857705626864049,-0.1435746982089846,-0.09701782467932656,0.04505497545858983,-0.3506983395603551,-0.09706929346699322,-0.13957560733315347,0.02553769321179186,0.11523138871866107,-0.055279044773785285,-0.15791499941601175,-0.09604313857998024,-0.09300876000704045,0.14143538628325555,0.17908042948240632,0.09850628793667816,0.03313727416991378,0.16307575887202394,0.012104626654800586,-0.15752120715416978,0.02849988799669062,-0.06688455057825446,-0.07619254599513525,-0.2673353384986816,-0.15768357358900323,-0.06921344468719692,-0.04396905879306126,0.1349940917858959,-0.05443061817535763,-0.18652996623182255,-0.10290161721527027
-0.003952949846680841,-0.11797251498382742,-0.03553160207899299,-0.1573711314541845,-0.03836493554980254,-0.06907038990568472,-0.15362570105272236,0.11250148837886645,0.008045158460095327,-0.12088349439950673,0.049988960510313325,0.09684136521335301,-0.060984659724096134,0.061584154153726936,0.04180291431200372,-0.059475169760392556,-0.10620467920551498,-0.09258257657776287,-0.13486198179697462,-0.09377029928529798,-0.040868161125230694,-0.04092372329509217,-0.09867038616414835,0.31410433773566276,-0.014545121593251857,0.07925502830828944,0.11233325716247408,0.08449577190418542,-0.03869790395734699,0.09574694491775315,0.10681856771814831,0.08597066924875599
0.19257139386871444,0.2625038087598002,-0.036304799743533026,0.13522419895802,0.14538331442860147,-0.007894274357547484,-0.07803583735800411,0.08649349004890121,-0.12856008445649006,0.07664390031083913,0.08864071164607219,0.13201192799929617,-0.1964971362044778,0.08547793135252663,-0.23728964084238416,0.09478951275972548,-0.01867606823276019,0.07250417975644272,-0.10375974677515723,0.20823313392906445,-0.086878232157393,0.0568628819780278,0.12509717080791072,0.06489735495243,0.12122671516334774,0.12530665539412966,-0.030635640174151307,-0.1009151703888463,0.17347155737374037,0.08997996551668835,-0.21277323927574474,0.02962708579515175
0.006467526374417287,0.0713587475758673,0.049110167569040145,-0.12028521901575655,-0.16311620356820133,0.08943535091864137,-0.14987485432687223,-0.06871242057537802,0.03499627309490276,-0.05747726951652909,-0.03804014899045876,0.18802623354189352,-0.12130205383101206,-0.035672227046555066,-0.05060822972671538,-0.1513563591017363,0.06680355846396552,0.14919765447631692,-0.028960466287432866,-0.10534568478621284,-0.024122744984728516,-0.1223606287205793,-0.0750936361831767,0.16940997590096368,0.029725021842349177,-0.10073550315525952,0.13085771441207936,-0.07739444241653454,0.01755451815243244,0.3821018873244062,0.06263196049945581,0.012649708211686199
0.13816549894786265,0.05137683759956744,0.018539268279475683,0.05300668456053596,-0.1605861321702057,0.12526820918060766,0.07701537595525655,0.023420372611944025,-0.17187284356150304,-0.09607130257228473,-0.08637304788147573,0.08066951016574189,-0.04457414414361684,-0.008154966125143473,0.037197026086708294,-0.058195027154854834,-0.08748049621291043,0.21953358081467328,0.05079245795144906,0.005579933402591276,0.1371264902639259,-0.15847549516724171,-0.09147857945599171,0.16669891307093843,-0.09377207741993182,-0.19004658430827367,-0.17684302918775974,0.17820055291552608,0.20149024155194514,0.05944798123551523,-0.07186642697095964,0.049987333272775714
0.09898281300394893,0.2100001787528645,-0.17948237733317055,-0.06319575868611031,0.049681997145164504,-0.1175116722816065,-0.002118093217064785,-0.06510802425345356,0.034803453916640005,0.0882488540356977,-0.02414350078180285,0.1986928579267235,0.03118601390173938,0.07633876348784666,0.042368634649988995,-0.10292484612202453,0.1517949510274724,0.14083342199945756,-0.09007435985183052,-0.07495349333767638,0.09701924847718627,0.004796581548425094,-0.16752891379365817,-0.009688988232218197,-0.033684770881567565,0.1022946198937117,-0.0018680883371251476,0.12495838168776435,-0.04012806434756493,0.011665543833802238,0.12917050331548663,0.09769828472116637
-0.13726613358656597,-0.001986762892266811,0.02118688206413196,0.04506900192802839,-0.22487464786832811,-0.19198641933832927,0.07424860123827831,-0.04208848630022509,-0.041809803467568206,-0.015494413939396937,-0.1356432362495495,0.10059497396964562,-0.016676439874527202,-0.11056395736988983,-0.01859958091565361,-0.1641863346644937,-0.1391463706312329,0.008756593384588555,-0.011853422282445318,0.10235087906282668,0.1331277914356626,0.027449322828137824,-0.09567903613842665,0.02740584816726306,-0.10428429665207842,0.06491874044396378,-0.05874386206646143,-0.09429567735130849,-0.11238904514900186,-0.1553198656072249,-0.042484950358791615,0.01880557483690013
0.05039873641336645,0.1304730415272577,0.01882990597384754,-0.025852960307491426,-0.0959717810308254,0.04351044434766815,0.07004122358074329,0.032922144446661555,0.1026560792448312,0.1012575996345795,0.10672361813313806,0.00192231762428179,-0.10829684723706401,0.053134971772217175,-0.12018863259424158,0.04658760703755878,0.03684556837511534,0.11466191947679832,-0.13955975527673642,-0.04969808264913463,-0.055389867706773094,-0.1342351493376805,0.08644177421860742,0.042660862075604045,-0.0850496097756513,0.08245316065389324,0.21716446821835508,0.14281514768559905,0.044696011817563684,0.0638274805482952,-0.15585541003980283,-0.002505199800930118
-0.10592630314517015,-0.07537343172667628,-0.04523318811182086,-0.2204071947604612,-0.18475185271744776,0.007712412911196322,0.10148918818691566,0.04402804726127344,0.08014467803669274,0.09401395952812902,0.08892275875729856,-0.13101777505591167,0.04040680763590001,-0.0248264674880784,0.038118959267361856,-0.19241294132428263,-0.19042217603797856,0.10456978796517215,-0.03529652108620942,-0.04206728029033093,0.06108174442758827,0.13360481479416322,0.004200790832273272,-0.010794339618290929,-0.018967575643957943,-0.23119151471685098,-0.0252589126192864,-0.17141812996587694,0.07017916086035157,-0.16834983135038778,0.05924188749150703,-0.07325523416754738
0.03990420284189043,0.056475298867725406,-0.08379522736441894,0.11726124013935757,0.18670825557571608,-0.08922406955561196,0.004582406394194338,0.08602792605866241,0.12118149381601245,-0.006491670512431903,-0.026934063050388715,0.008018399074899027,0.15417178950444577,-0.035993738600104616,-0.12029573416010436,-0.060934372607052326,-0.0208208398844495,0.017841750855775666,0.0077652085349825635,0.13039009167843116,-0.08526687227040974,-0.13031934983937968,0.006574124821571081,-0.04000854499441817,-0.05313477122961836,0.06493764632132194,-0.0010253662540367385,-0.05386910114363366,-0.02083449423181123,0.027823182270928625,-0.014124211605724593,0.03094175939029653
0.17681743349548243,-0.1409445407261893,-0.31150661079276415,-0.12095154100321655,0.032940268777619804,-0.21012071700677712,-0.043937086842032756,0.01070944071663761,0.02787260980349536,-0.03512077442650099,-0.04731134189367354,0.043373472840532425,-0.014169191274670218,-0.13639615779131575,-0.033509717976507494,-0.21467933780436724,0.13422761719330645,-0.1516067837538458,-0.15440216134099047,-0.006826243587492035,0.07255761874493462,-0.01696626953134168,-0.07484751223530041,0.060665243728202096,0.1745689952878739,-0.14876504720155345,0.09688470952573484,-0.04606652155242728,0.01011818689303989,-0.19550476232743957,0.15868944037427143,-0.01980550253901473
