-1.8125649954685779,-1.2629129582808296,-1.4213071315395676,-2.105564430176404
0.30937556363372204,0.5207742348567587,-0.3386862919030503,-0.8207274958754882
-1.9126452784704355,-1.4163875184232568,-1.8370837591658198,-1.4948253770050488
-0.5141915694522451,-0.5342153513691158,-0.6950869370387665,-0.6724526580390804
-2.584218920133703,-2.179705277720315,-1.9206184893435827,-1.815838062848875
-0.6933589159913736,-0.6460048913765098,-0.253958114319592,-0.3483270213463661
-0.11534525144530978,-0.8350496287728021,-1.5729315551450227,0.4195903316975989
-0.4631980168121064,-0.46202090286686176,-0.42788735360823965,-0.6230768879237013
-0.6563113025774714,-0.5803839094764122,-0.7160860732080679,-0.8132104775115621
-0.8063578419537523,-0.7716631341981399,-0.7979882210618948,-0.8633603198689075
-1.7496348844884098,-1.2525890390590246,-0.0800778405417776,-1.9470293519054018
-0.6848936010608523,-0.6122096618376051,-0.6064255636907226,-0.7068315621253828
1.1276370560881035,0.5883963464210257,1.0106642331927145,1.0628016022837976
0.13674154971835145,0.9167974006234622,-0.3221785236429744,-0.5265915984694223
-0.04237430364129246,-0.2801560251729231,0.09176474149884134,0.03993680556447506
0.2503816088887122,-0.9745663104527407,-0.09720342561296108,0.35350050079432277
-3.262518300946343,-4.081986091540289,-2.7921173794288174,-2.731464535993399
0.32734419831260325,0.7289738394743802,0.4732622907755484,1.1786041032002947
0.7612864693135812,-0.5388020977848731,0.4936902092420253,0.7003740615863733
0.39307487064087737,0.980617830549353,0.5991446964485393,0.8804929624837841
0.4150925126867772,0.4336268075338935,0.5104655752523871,-0.44493141329457325
-0.7851226648792953,-0.7858513695185692,-0.7550144549705436,-0.5329174419597498
0.5332428616991025,0.4276970249256453,0.36355698141181597,0.17436514814386245
-0.002146208406870544,0.4271930915374346,-0.5685831509722898,-0.2191720317580228
-0.3762745244460935,1.0106365542634277,-1.630762150724155,0.7868461402257972
-0.6641986240203831,-0.7166039594939807,-0.8645607627802376,-0.7304750936561889
0.5659253203448282,1.1149034104249855E-4,2.022000827327696,-0.39337935755452974
-0.030969275702419783,0.12578915481835048,0.0036812582845298213,0.07542803341358638
-0.1112706506843047,0.0828228452398874,-0.022589529066355196,0.16549583601101603
1.0039083026154114,1.2270353850870148,0.3965430364630285,0.6881957548372861
0.22185408091060957,0.8382196501415189,1.5350174338105405,0.1315462362354358
0.6613082117781526,0.8836683436712557,0.646434778894319,0.060313134842323264
0.3470988739322845,-0.02199346812909193,-1.2084560296020628,0.12295284365478824
-0.028473960870722303,0.12968287528433203,-0.05762934429178228,0.04601861641628349
-1.786711748050862,-0.8385898699835151,-1.3925533006386004,-2.759714107348921
0.3452274382174017,1.0286863556272934,0.8474548696688936,1.8621464443952727
-0.38696871094153934,-0.506633252227553,-0.42136252941456515,-0.27848644162772723
0.588698070491056,1.0126987975272128,1.3755466892769457,0.9757184522828999
-2.175489599368786,-2.8175932436796054,-1.39805865570578,-0.8743146141281407
-0.7387988627970036,-0.8352167239203768,-0.32409888699479655,-0.7814611145479137
2.0171212384812547,2.1005627269750367,1.5908437709888168,2.116341315795372
1.3663673375177723,1.3330026881491313,1.2928198109842126,1.2679530926374338
-3.0537770237519304,-1.6577005128593276,-1.7989414176284686,-3.2575990570459274
-1.2839949529749408,-0.9159880445451141,-0.762549942367847,-2.9937837357033534
-0.1568336412608784,-0.0035039636793773813,0.05388004076084906,0.0949598057661463
0.3197043335326633,0.09455916575415567,0.07864876868079822,-0.03738543700963152
1.1294349454372217,0.5052995843772334,0.8395379274994985,0.15272239147574873
1.0276886127713885,1.0587958266029966,-0.1439472454537094,0.7963766335545268
-1.867013304735545,-2.3791298074098126,-1.880761664767684,-2.085912028932602
0.40694908715727385,0.23761789599015262,-0.07044886346374182,-0.1181276464042513
2.7162348513876067,2.135693461520549,2.5485562194511635,1.745628314054414
2.2812830958733645,1.2883296477063384,1.2640482490675498,2.89484072301578
-0.47714955567898054,-0.1551136512052069,-0.4637263220690782,-0.570635836574681
-0.5940565765980399,-0.6463482534210366,-0.4587949851414808,-0.6093338740247908
-1.4906874722957875,-1.3473520306125015,-1.139718599392301,-1.2141182130821104
-0.47935118933174825,-0.7427162181363478,-0.5335923893284722,-0.13297826569846738
-0.9880894921309625,-1.5388574288427108,0.3583741064256205,-0.25491386140308275
-0.2591415336215803,-0.24818718992090374,-0.4264788764772493,-0.14507673614465336
0.1482174234988083,0.1121435864911607,-0.11140951546787883,0.2657243840164399
0.4244285209647858,0.8879440520764089,-0.5959841785392588,0.40049065825044894
-1.7160949215129138,-1.811755927646972,-2.542935272547644,-2.4591029434920695
0.17210895691009911,0.005025850801999584,-0.111050316519702,0.08560704537162137
-0.6023190808116179,-0.5704627079420616,-0.7195194711368669,0.8582865119019849
0.8084654625255809,0.864880874945952,1.6283432408922258,0.1365761007836871
0.35808332697024503,0.6607434009823402,0.48082933314982584,0.7988295861467423
