-0.4608554836629178,-0.7179270888542226,1.085980229635261,-0.448401685463109,-0.310707987901795,-0.44174942371743053,1.1749826694930838,1.1728351263576915,1.1927277796472235,-0.02480157066118302,1.1957222869982647,0.35505050653349546,-0.4827910384739368,-0.09534058628807594,-0.016845423370795403,-0.2018893150899815,0.4690265208064451,-0.47107543300168636,-1.6500305195431542,-0.300830888503318,1.2024470765635118,0.2861050775012618,-0.46245543479878787,-0.13083220843147247,1.2012932069065339,-0.7982174467111546,-0.1390934586716577,-0.13029141139449055,0.5777627057175985,0.43035514079615345,0.28255427249685167,0.20227203066338117,-0.5395287501669231,-0.8189067923668385,0.37535501670942145,1.5335373952214144,-0.40862627877348834,-0.9372602653017068,1.1706981217802848,-0.8160645621699542,0.7648239262427388,-0.10415944139091225,-1.1052200759666948,-0.0646283371081286,-0.06543370740638434,-0.24959679867139026,-0.4312589450236064,-0.6825596093874474,-0.07759126722180132,-0.9264575435804996,-0.7548940407910136,0.8669763481706497,2.6621646015541627,-0.3019409654165027,0.8097584942468545,-0.24695100970373057,1.861742477147928,-0.37701641012605935,-0.5198570701821846,-0.6748196169460077,-0.04987826366692664,0.01796751811753061,-0.9872124914405308,0.635419681997738
-0.7167075205002481,0.7593249467140745,0.2810857708467644,-1.390349376680122,-0.1820052793455573,-0.06268262067126043,0.6230386478893672,-0.3318636373474817,-0.1854840914544676,-0.5872449154495476,0.1829112387209528,-0.7519350164299957,-0.5501267320511267,-0.14407818999888183,0.021090916843348514,-0.19635052812184592,-1.3841256366344699,-0.03564668154857358,0.7793746154803451,-0.9556780452376806,-1.0273192013414079E-4,0.4195739150671958,0.07631297487719518,-0.24073242486011023,-0.11250961405343812,0.2819194466175866,-0.032034616682645886,0.19935085473278744,-0.7349755927270567,-0.39594453310609307,-0.8175465971149307,-0.12015485104097193,-0.058494603319157436,0.4207941613704851,0.5009925322255642,-0.5578928930050566,-0.6978965679995075,0.2111718935671726,0.29594165710654574,-0.47580479828280814,-0.16968849171576572,0.8868711563334204,0.47109337017781916,-0.19091975333582384,0.20830612531118384,-0.6433872900070006,0.16822491972902046,-1.6732712212752803,-0.12109707938380566,0.40859883446364514,0.0011237902319525758,-0.069038455887423,0.10270173212307644,-0.28944341260857903,0.476062602057507,-0.6453576728035608,-1.2262542452815544,-0.06253908250997223,-0.8328380940754314,-0.9887614993128062,-0.21115961401383096,0.5383176468922685,0.03316949520645732,-0.15312652154246711
-0.8955587917513044,-0.24623982112416903,0.935703239762882,-0.5801085224118788,-0.19218867319897778,1.42929887172804,-1.8989600393104622,0.3494120511110115,-1.8857957272561334,2.1719092661525656,0.9735771707332933,0.7268071537456887,-0.08381817527163002,-0.0916838841778092,0.36064982059020945,0.9261478843088505,0.36737953006615753,-0.5031749033193244,0.8095451681263515,0.2725128645596173,1.0633268467003723,-0.27465776779116063,-0.37302593340172,1.1110730238423931,0.6655531346002441,1.1728829817170716,-0.3138122381007557,-0.4749011755275087,0.9656704237545762,0.08520313141589161,0.5356431522868128,1.8964856235401968,0.17127391658459795,-0.5631430958325291,1.4879519773580137,0.6026151237229417,0.09732528556814238,-3.408847095675446,0.5349866019860527,1.2251079369605384,-0.39203340712118717,-1.556393568222874,-0.5512611937253011,-0.3793121479692766,-0.03906075213402054,-1.4025579841821234,2.007824784084364,-2.2874706113214858,-0.5121202447757706,2.0253477510770868,-0.6513121168105567,0.15107003431880017,-2.2039216262136856,1.5938381556381873,0.6794104328634168,0.12375031545951842,-3.750097097673685,-0.37320902682112556,0.10680218981221744,0.23394111923161043,0.2910338547361342,-3.728037226967785,0.06488048036248369,0.8516864515802023
0.665740681166923,-0.33005091935956704,0.5707688742000591,0.05464870793278613,0.3387580105698856,-1.5828660973222357,-6.359499322271089,0.6608730360360923,0.6713984615898924,-1.0449108085258467,0.7591555625430468,-2.4406680682265263,-0.4414794275731578,0.08795513463626828,-0.35733132263872236,0.48383935162613556,-1.7552131239810536,-0.4906970316772114,-0.36112862394838413,-0.5944886833223776,1.1576185288174563,-1.5844770207840564,0.15160303606104594,0.18887278994807455,0.8257371515383835,0.40127540051668587,-0.11117681293628925,-0.5226558789815536,-1.1927508992879068,-1.0192574374932126,-1.5771429690095207,0.33188420672867025,0.14451883879275024,-0.6598191613296515,-1.1022546729773863,1.3189327863866023,-0.9318787791064916,1.1879736434332087,1.06016177888031,-0.8736746262200253,-1.1340558629906008,-0.8945835909118115,-0.6154605506217433,0.022833443897539343,-0.20629825393238638,0.5696773311072698,-0.5630367139934623,-0.003974084923470289,0.10889487285325877,-0.0983156410795832,-0.38216888907790286,0.5077888176363576,0.5591501403887951,0.6355355982950722,0.3625272584312664,0.23830398947922068,0.6654775473551096,0.3777282024827192,0.10394652662626276,0.4278038748803707,-0.03819516902099379,-0.29935632935147916,-0.6098229147766202,-2.355474412998392
-0.42500152880808434,1.4273093266052042,0.8709980694723384,-0.7282892885372976,0.18946368585189838,2.1734061330230876,1.5751199369800826,0.691279825254352,-1.5336940549533964,1.1636182336063992,1.2842138656000601,-5.8161569657174885,0.12862825343774115,-0.07472310275453058,-0.11198300504084621,0.040783496368635895,-0.26419246940688706,-0.011806635957876805,0.7160430146483119,-1.5905255875430337,1.029391244837925,0.15532594693282628,-0.7081657168284663,-0.7647865265901862,0.6333280870588137,1.1296721681401112,0.2627726481623241,0.05325291150379479,-1.4607700395068413,-1.3929230827948806,-6.84628640407279,0.6244530623008028,-0.10869870134438143,1.9940706955307814,-0.7653011974707222,0.6403808860816919,1.9286338930265297,-0.8313692466635143,2.11492692203798,1.0917622098983455,0.3290057452730841,2.5984979921653015,1.9873578732257173,-0.04916783935525311,-0.00966643217754378,0.17482139532859167,0.39639414259663686,-2.509138245113281,-0.4090517565509451,2.061411092365714,1.4044892131486142,1.1353945856650411,-0.30246112042096635,1.6452652155338732,0.7501459918199014,0.5246063929445489,-4.440269918349352,0.48275560695210756,0.3739969503074144,0.0051019651287072905,0.19098547183275938,1.7341529959738775,1.7865120523038431,-1.8891612336959926
-1.3321777618445303,-1.4207298709113187,0.06454943474014882,-1.1615349772971637,-0.17825756465270376,-0.732708239460448,-0.03735092500051101,0.21177105853598874,-0.29284251479761475,-0.67653615879474,0.083389820345064,-0.33397556712770093,-1.1934179416414346,-0.3660842840762472,0.191418993532377,-0.5959801970162615,-0.9409371616861782,0.378394535248285,-0.008206721855513155,-0.2706205212881287,-0.05641027257745093,0.09339010495960649,-0.5829628848619601,-0.8392747302719978,0.0013406675470307274,-0.6095139313185327,-0.07332791930828143,-0.15991880153366467,-1.0294356994566467,-0.816875305645736,-0.6003624737312316,-0.31282142767416393,-0.8233669698080133,-1.3363744250086065,-1.3822768914374552,-0.21686689611594415,-0.14698871132365002,-0.5226113557655995,-0.017421149770934896,-0.5814312416638313,0.05206023219895159,-0.47288983785164634,-1.6116317354066858,0.23365219803703768,-0.017038042708781672,-0.6649372221738085,0.23545082981461596,-1.494097840501164,0.10394595620099649,-0.7261709443956201,-1.8172825523986187,0.09383310612562404,0.6625938210963579,-1.4164682095033176,-0.2585131370950276,-0.07337195999504027,0.7798285062276892,-0.6088084705764166,-0.3157665541447336,-1.8212599401707796,-0.07332851543616895,0.02080286103841011,-1.2074884557691996,0.07142711158449948
-0.5157020739041716,0.18717653608932094,2.576638420977464,0.4838716824380124,0.020416627952964783,0.9579168971924702,-8.48593060959701,1.7588732425759117,-4.183360829807158,-2.430081634903055,1.4429841712431035,-1.2217073209423643,0.3756821285197707,0.3066079514917183,-0.3377466987335186,2.829277719069219,-1.2301693302104113,-0.35931412534135637,1.5236619993413085,-2.2779027370365164,3.380559150342668,-0.1301898701356074,-0.294075892492592,0.6233052628941272,2.439853616664087,1.0340523531727515,0.14503767529136163,-0.018500881349527952,-1.2944992439400873,-1.9169770774682813,-0.5691366388569125,0.2732855838098253,0.8285882882247833,-1.0138085426759964,-0.7532035315926529,1.971687524484839,-0.23252290920488597,2.448483186610979,0.47985445131350535,0.8583134486964566,-3.8734760086952083,-0.8787529039783566,0.6858272199005682,-0.028779109120944092,-0.11090268382917913,0.8535403611531287,1.424716944570612,0.48762691933969576,0.05583750680341365,4.599916012167238,-0.40697987619536496,1.8901794779602614,3.0560045101348736,3.5297294797678407,3.351442021442137,-0.7243562653422293,3.229936499236722,1.444785927670761,0.6266905468205456,-0.0042368386390763384,0.00396466689330029,-0.6097162023875167,-0.5618090356613534,-1.1497279424474742
-3.037649472109616,-0.3542668341281883,0.444104479352096,-1.7603198466291647,-0.6465068650046925,0.5188036105674202,1.3106630005732127,0.585134274131409,1.0077119061707238,-0.11610948036658142,0.13928503000837594,-1.1933808891811486,0.2547888362633336,-0.21365652467226087,-0.19529359681373626,-2.143770549613406,-0.4387398045204655,-0.11498383089158735,-0.030283656494484973,0.5838531124604013,0.38719913440396,-0.014967891300129469,-0.029804914318809852,-0.10894575535173233,0.4031431694730594,-1.8156201995085306,-0.20036660212386032,-0.3172660006557392,-0.5118806521903259,-1.9819378463747372,-1.3774783214635264,-0.035352558190499254,0.053088405748863476,-0.20377678000112018,0.12362060773562587,0.19238197594430537,-0.2600503189832235,-4.223946697795777,0.43711847108264934,-0.2551728239306193,0.7769579940720687,1.2027940226881795,-0.14369558626717058,-0.3577884684855803,-0.06826943690646596,-0.06374644247005552,-1.3974578397938175,-2.5826490884936373,-0.005095912310187828,-0.23614443407179936,0.48832514528016874,0.22161732652712746,0.4926408995714153,-0.33978513122138637,-0.14064583705152872,-0.4784659640521239,0.7675619998477917,0.08252517937554128,-0.4718844784819053,-0.8576713893013678,-0.1660072517996186,1.1161436829020945,-0.26008324178766706,0.16478897026963388
1.0526211759342692,1.2435729629086751,0.7010509083522105,-2.384984289271402,0.4419857675593347,1.3142321328324875,2.4207833938096814,0.48116900793400325,-2.9919548810177954,2.5884075737638303,0.8184205624214475,-4.681553521747561,0.67447860383071,-0.300836906594899,0.21884431357354261,0.41342399118047235,-6.612550283076767,0.6623042026167091,0.2687207306961579,-2.1265494170571984,0.6491595205996886,-3.091805467854737,0.46804178128423823,-0.7466779036457732,0.7518438407670933,1.025165599858253,-0.04161779723567664,0.1616061478060466,-3.0994672027810672,-2.0631572343308613,-5.508292959853592,0.527816481636712,-1.0676889379875214,1.337869840051659,-1.2160542342105891,2.1381568597855716,-0.16801005746658004,0.7031500358314444,1.3465463872955292,0.26067174157294376,-4.24647473429707,1.8049737227721123,1.7889256033462606,0.04883735302360554,0.29655765188620986,-0.5674425138211822,0.6808773053940487,-3.2768906294333164,-0.21425559202496836,-0.5912859014090273,1.8063208872430918,0.2842303225778032,-0.28434892143466983,2.508025740124973,1.1082757221563448,1.8103920883263487,-0.9183452056886356,-0.6270256192171962,-0.08140636331073864,-1.4547911836117238,0.043962123985742216,1.7502136752522406,2.262292459336983,-4.183130700999609
-0.9862175534726932,0.02962568489969609,0.9258337374974744,-1.266209246826849,-0.270215175758635,1.713862053297393,-0.15962511845006588,0.898698429208097,-0.6433215561314887,0.6425560687422602,0.7915321566920966,0.543267611570752,-0.25886058948809737,-9.166501185345888E-4,0.15541133915939348,-1.7560719283998898,-1.8566325640223345,0.28660071826370453,1.8657482705683386,0.6608955956991664,0.6037203753115252,-0.6317212274198113,0.08493333983515597,0.816076507189916,0.7138509041935168,-0.07508601788598053,0.18375642074316137,0.21241907393274603,0.8144998248154945,0.2726742999079439,0.0781107041437742,-0.012735253438902392,0.28835003873518444,0.45159939975291735,-2.1409782568263354,-0.4928583229141676,-0.2955785497758006,-0.5115774688961101,0.06732620233398677,1.4229717738196606,0.37751834390864003,1.716437872166858,0.8443461798722246,-0.3828894197773616,0.08484637185813639,0.605882423006675,-0.09832664612428872,-0.08037985629375356,-0.062164531494792605,-0.30612734174123263,2.370185995945412,0.6044646768001551,-2.477906253819549,-0.34728706723688313,0.06395206456449593,-0.1716149588207557,-1.948891105543353,-0.18425753153421245,-0.029275570526734504,-0.6516866162433205,0.10179175297034458,1.7565538459310595,-0.07610360133890617,0.007292136429706965
0.15054835452282805,-0.8557453759334501,0.24915652871590568,-0.7499894852554284,-0.33812603546272274,-0.27648009709255594,-2.5243056041636267,0.13650327017761552,-2.4523727245226348,-0.10057693574055596,0.23701397846875716,-0.4847574352812726,-1.039533851779543,-0.11353768242806542,-0.2683380202959389,2.8809066050276164,0.3219200629494476,-1.184921015410133,-0.7405468236955254,-1.0413405511419864,0.9174236173557244,0.31936147797420167,0.30986531814441154,-0.5474473045041681,0.9171892630468118,0.41739865765489886,-0.2353119161515821,0.1442710675973819,0.2515087835676612,-0.5789812787512484,0.3417657829368767,-0.8008156362839425,0.38125030416950395,-1.8265959100747617,-0.3870904892863144,-0.6267432862207702,1.1087806276865455,2.6504157864734474,0.17885137143107355,1.1761437363670297,0.622689861230031,-1.2472485361202188,0.09981126672040357,-0.3394868168951259,-0.15420476791860632,0.008742816870600297,0.7109263773321137,0.10368501035404787,0.07325774757643853,2.3479753699796047,-1.5484764781240208,0.1987626881040861,1.1439184906962074,3.063236324787573,1.3574420052285312,1.440031948754377,-0.2684766482061756,-0.2151719358101371,0.0513134414811552,-1.1108963578287263,-0.14912985295858047,-0.8915336535881174,-0.8143359648567199,0.715703988428056
-0.5497683530148293,-1.0909712187136378,0.26542632266430055,-0.3667550763113241,-1.2793113035685606,-2.350784813208252,-0.5340626839517535,0.4806250020091743,-0.40455242531149077,-2.0271197595497563,0.4277314322569157,0.1390265214816348,-1.1728137719009344,-0.004851791343592864,-0.006250495282756627,0.08495786299907443,0.3328302712425037,-0.8495589584487049,0.5249132525907348,-0.45203070892717906,0.7206611573397188,-0.6208640496302382,-0.6563432195360996,-0.7677772452859333,0.5893303422759693,-0.7950010507600607,-0.2790608922102221,-0.14676219272043856,0.09686350143852397,0.10605743153442297,0.32686541437677097,-0.747031557804003,-0.07928262782363056,-1.4498098238385533,-0.11089080861163883,-0.4547009417802348,0.0014692581029876123,0.029878326759381367,0.24692363718246912,-1.3713956622865051,0.03767178866952611,-3.4530792519688807,-1.6850473817606217,-0.08440704093658319,-0.07038886077847772,-0.23343353028961505,-0.7588583164199549,-0.3291348531234815,-0.12214475245269991,-0.5793870402186829,-1.9544778685621496,0.1661581129699136,0.8898819851760602,-0.16879698013155384,0.3135637732448371,-0.21285915219452264,0.4476061241679887,-0.029599691114413493,-0.4705879748886636,-0.4509396867330048,-0.08341813738878547,-3.8685892761252783,-2.3912263718854825,-0.2732686559745032
0.28087693576741707,0.19943672375140625,0.9602780406644342,-0.6460498016930151,-0.7329829381397404,0.06297725510597584,-4.702156265454175,0.5730513837342757,-4.908911108367751,0.19873928178312886,0.8873252701260482,-0.3555012525012441,-0.21679250630181027,-0.19423938618542647,-0.12246542648436114,0.830759986449395,-0.906610262566039,-0.715330865287392,-2.2824638731065043,-0.2695502286508737,1.2445365827156005,-0.2568833878168815,0.2864213182052024,0.10493285624474352,0.6528455938726323,-0.2772888459372986,0.0832851562087298,-0.3311908932609635,-0.4426454863938699,0.39970780459257216,0.17938094843219057,-1.1516398070022453,-0.14602040812710504,-1.6041078968650306,-0.27423270949595147,-1.3876497663305019,0.9829130688866916,1.355365648274654,0.2463916167159388,-0.876809376048618,-0.22204777092696018,1.1742761029810111,0.221535111162104,0.04798783898210313,-0.22141479003919895,-0.127359230680666,-1.4530605524238969,-0.3231705098979276,-0.05413902844583326,1.5224047108225784,0.09160257072012136,0.6328368597288443,0.8145725383035027,1.5668622858137498,1.406557280914705,-0.1254817117548456,-0.44706046037744746,0.1016992406376455,-0.6738073035791784,-0.6856326039292276,-0.42963728498186693,-0.2399823183094801,-1.0387496059490948,-1.1962589725194412
1.292680613327513,-1.6694120239539456,0.8447150743519499,0.20473947319860358,0.3269879976303182,3.0790308489429092,1.0508128372589178,0.6502816812512536,-1.5974311599042554,1.1814817745213244,0.8434074067784705,-3.029459343151627,0.37695088013559624,-0.3208791677875679,-0.4568530142207905,0.9400857517086559,-3.001072953664592,0.7416658918967397,-0.42321566376486347,0.11341969737523486,0.7943288898217216,-2.1588850412698153,-0.5728571121670987,-0.7010669249531157,1.007578761792131,-0.026763316182722433,-0.3679071342922911,0.17337808681317607,-2.0917295397013476,-1.4967749129768555,-3.145810034007504,-0.08772858062748427,-0.7323706109492032,-1.0866654711748533,-0.6127159903294453,0.49446268543910393,-0.6339541208244587,-1.6844159278194668,1.7333093242155437,0.8941441501198402,-0.8162440393183157,1.3195315001832855,-0.1304880942074951,-0.022314330276950317,-0.002930405043875822,-1.2876613329835371,0.06708102584664993,0.05613687575740485,0.25625901058379785,2.20594350586611,1.3012435845906862,0.3202193938625002,-6.0299423887719135,1.432290406324701,1.2498446337074405,0.5109813584064037,-5.048334496350327,-0.3426955365294343,-0.03356012865574547,0.7126744620112853,-0.2357386386463734,0.20116601412883062,1.0240457604093236,-1.2247780843897755
-1.7473375233699178,-0.8575252074160838,0.258197274037691,0.049248182005324534,0.38223200057164924,0.6325868816178938,0.06219292203958108,0.4609556723468345,0.6992536874810547,0.45570265400384496,0.5515238326612544,-0.9660551295437777,0.14583765275645488,-0.03850318456162104,0.09881131944915192,0.20984540392416076,-0.37738501506897126,0.16263055138950705,-0.5227609185751853,0.619812445138626,0.7813626904897321,-0.3335030348010264,-0.7959510551470611,-0.6252333678050742,0.48438776920303817,-0.08684195779287189,-0.15448104619127243,-0.33184698304132243,0.7247463961924915,0.5659121983463855,-1.2269241672737714,-0.03197313781865075,0.08884603045598999,-0.6790831302005425,1.9374145840437718,0.27752394045717027,-0.43499268356913035,-0.5501981874893707,0.9123837718580068,0.10058515673717372,1.4501909453106863,0.5927540526383186,-0.03316469164071449,-0.35166089385286325,-0.07054592381507728,-0.44498527858950093,0.7412398766629777,-0.3813748315162369,-0.42691960928602574,0.02875052936978828,0.5883305825640412,0.5521499775122679,1.8641042282670968,-0.6149341502753926,0.20576764553779175,0.3196454045290164,1.76081585875472,-0.17433631781453912,0.43425119284622327,0.2440989979015515,0.4366915320326164,0.72792537829319,-0.27990079565916803,1.662220542615476
-0.11182919454010726,-0.5518052215225671,-0.49595479325465414,0.5103915397980273,-0.4248359852669197,-0.6972070337471563,0.49504722598644857,-0.257300108689291,1.4339736704203039,-0.15752462454006722,0.02625388556758795,-0.0018616982607849303,-0.45460034831612145,-0.03944159455659897,-0.06748529685415894,-0.07653564575610057,0.5726637837838059,0.019437603208211317,-1.168955152506681,-0.6579726630718045,-0.16483490836590925,-0.30221267078899483,-0.2714485170507631,-0.6599769700259627,-0.07860406052474128,-1.2903626858150055,-0.18849134301986128,-0.27580246495352584,-0.9241475913198488,-0.1822191525994422,-0.580681458693101,-0.7307333247243621,-0.1212544399303118,-0.5266349890108294,0.11829936438211572,0.6097716414938948,-0.6281314886930277,-1.2309416810944631,-0.1278569985527385,-0.5139077827296235,0.6412640089110958,-0.09898176170382396,-0.5743238181540572,-0.27689689455176963,0.09047426701640789,-0.8782636363183741,-0.5147836823776508,0.3173645837727087,-0.3287829864324336,-0.8138888804997004,-0.45222879250488507,-0.2048966865625687,1.5513182898072486,0.11164245845964203,-0.697318210337392,-0.27360190364579556,0.7124199259398284,-0.5464098191094705,-0.22013014213669851,0.5402539645700599,-0.13702852533115847,0.19121200589647955,-0.8601612117988802,0.24014884552006238
-0.7630096925616061,-0.8847183326387554,1.4098974444657177,-0.6938686435753928,0.39322770619693104,1.5860910694178714,-3.7190695712956905,1.2006878379773063,-3.935262286843927,3.045516846804442,0.7325920285102031,-2.5907134195036887,-1.2991902266043627,-0.3537548423183648,0.16227524543756217,0.2551608638208138,-0.18500759968708352,-0.36344053656494063,0.9795205468442043,0.17203649345610178,1.0076057725622478,0.047084434691963876,0.04289528835960445,0.12476221986564329,1.3545586357842305,-0.1877281621459878,0.07845657704388415,-0.31124305734378505,0.16997992221561545,-0.9155730063643238,-3.492606076964455,0.6147160113927935,0.1631262794778273,-0.48638286460269153,1.310353165014356,1.036435260375157,-1.6775235157442034,-0.6673295389034142,0.7824273034116991,1.475465245033122,-0.2859535012823797,1.5323736441580658,0.06691862071005894,-0.1742175360752828,-0.013105785890530386,0.09439279546306513,1.536121089340472,-0.9864607606821219,-0.1061946075394158,0.8757775798103382,0.2495154895186031,0.9793702293354027,0.23645039479547764,0.2761455079463106,0.9267295311595819,0.7947270052467456,-4.109156164256615,-0.11242103919485186,0.09519244527361018,-1.1474046730759,0.04472736435070998,-2.5372589208628478,0.4370504336227593,1.865221038029872
0.07072537424902631,-0.28655291258222393,0.31036876405617203,0.14737597299257502,-0.2650105073257442,-1.2867231313261371,-1.6109065199639188,0.4159494902535303,0.8393751391993242,-1.4252358524266595,0.2659552555207108,0.45774957673959316,-0.706184808517347,0.12178055806480292,0.3071682454590973,2.2344607762184494,0.5670711199445028,0.296554113497229,-0.6612564629675284,-0.020875758483534127,-0.1428061070850646,0.47158272406848745,-0.3284171766580655,-0.215242270982779,0.10139570642952139,-0.87134470985253,0.022496718367054955,-0.16546375855438164,0.1012352521673772,0.3090050768436794,0.14094822697726292,0.15429369733550827,-0.536292964143064,-0.9050123744213353,0.20289715457923174,-0.25777265196254695,-0.883442065377344,2.1963474741754614,-0.035167839489918765,1.3566529923310424,0.5790224602850308,-0.622295035673988,-0.38537511875279734,-0.10464707125424895,0.08313932193861441,-1.494319279596441,-0.9093205316075191,0.556037033678969,0.06666460961438245,0.19018457776152245,0.5770503797134107,0.03258227907785243,1.7419824008819123,2.3823704434983366,-0.8096577085514373,1.5260247798025472,-0.45931666473049415,-0.32758702307853976,-0.10495652683881701,0.03119894273065159,-0.019391495717005006,-0.5907239347696356,-0.484386584701729,0.4986352923684316
-0.015609478520362617,-0.6178952315040321,0.02017624433826397,-0.666109941152513,-0.3635469583851346,-0.7389358279794498,0.47847493424325305,-0.02662943571003796,0.7077861255082818,-0.05654840837685912,0.11705155165250254,0.35603269558109524,-0.35936750674345136,-0.1872468402669841,0.38456630958344457,-0.2257370859667442,0.24465205500655923,-0.5927080509856346,-1.1438673370130155,-0.09219817451089263,0.020321846775429878,0.16425211311641816,-0.652827413876195,-1.2522604971538491,0.06823008306929432,-0.7859328840690053,0.09363398936981959,-0.06853948972800726,0.5578291527982384,0.4493123817269695,0.10919758055764738,-0.5091413275396613,-0.28700372984031375,-0.4959101131123582,0.7533044380996956,0.5036638259809257,-0.5925936663124035,-0.6933413191719775,0.4972410722147877,-0.7600845654800427,1.4185611306464379,-0.3655209102972799,-0.9130871387795925,0.1264914504719086,0.03874755501767348,-0.617827531707848,0.09720264952416281,-0.6288132595458954,-0.2714794554327336,-0.9675107067798611,-1.0410168812297234,-0.07799204894682125,1.288727779489439,-0.8299484771929274,-0.4065944480221173,-0.24423434573791128,0.8324634374041053,-0.4128580713841788,-0.41169676556147744,-0.8623645526568694,-0.06376122015165397,-0.06172987743719881,-0.8166062386529745,0.7229741453948412
0.4402307585429521,0.27243180746475804,0.5438177423459004,-0.512851453569034,0.5604396034075132,-1.7912950260255358,-1.0708056717565773,0.6089814820603234,0.02692692090253201,-0.2958231822220327,0.5904193932702035,-1.0267343010817447,-1.3030196222162715,0.038979865575053736,-1.4350021817672696,0.9114192418355437,1.1335798078076589,-1.2346443566373104,-0.3323655164294647,-0.4512069222668966,0.8956108597843464,-0.4794264754887983,-0.12229986383350966,-0.1261036223238022,0.5361464026654208,0.1942608623834281,-0.05849862103236851,-0.3421194338086153,0.8793305518669092,0.23793209709243884,0.35684547927976495,0.5654427513440496,-0.24371117119332994,0.47360276711117943,1.5547416896025377,0.9303009631206584,-1.0282387323800897,0.6863987472680514,0.8073886048373338,1.1178196231219137,1.3227518242986953,-0.8755763035768254,0.2984917841884673,-0.07042429127846565,0.26496925031352786,-0.5031781607528978,0.6179505534247812,0.24887310417823327,0.23527961784612178,1.3239491567654316,1.9324123503634576,0.2690974081338252,-0.7514305590018555,1.4958780006094266,0.4916573706708285,1.0340762669456085,-0.18740771931517508,0.2804373965551566,-0.9342858409063418,-0.1988557248837967,0.14652609855453913,0.4071484529742706,2.8539953788887846,0.3086137980650249
-1.011582494870368,-1.380833735283374,-0.011947504810609293,-0.33941191193300985,-0.8841118306909028,-0.706914876334109,-0.4808178038623769,-0.08105261702904776,0.02837663831662023,-0.2513229463911517,0.3584203624651757,0.020006701216300556,-1.7393112032094618,0.24096886092032307,-1.0064531315306933,1.1543985260428604,-0.1587066025513761,0.24134006421051937,-1.4364280851861773,-1.9033167994066653,-0.01001086341743491,-0.30621746454791593,-0.3117176570755826,-0.6405021079689792,-0.020974917451173736,-0.8634300689087333,-0.1451815027260464,-0.349744402329735,-0.09685046943999455,0.02671973066889354,0.5090389125777284,-1.0823602957137055,-0.08686623172011027,-0.4649034857341698,-1.0581192587789296,-0.013821282350039125,-0.04979874775814769,1.775500000136608,0.12421633962409107,-1.118931299431374,-0.33997457422726773,-0.04305144656869039,-1.2421208207478445,-0.4004790891934594,-0.07228855094942198,-0.7083696571136442,-0.7247246335281207,0.4741505013524257,0.2035010023470384,-0.8154799747212969,-0.21555299357599358,-0.4704281677327223,0.785655891384412,0.7795396201517504,-0.2333817780901529,-1.219850517792498,-0.3368035385262507,-0.4019078073010556,-0.2082934687562054,-0.38788106422446034,-0.1676966268541652,-0.9453702153277639,-1.5129966753275428,-0.435652195513198
-0.22385186348755376,0.33107322981292453,0.17749841015512063,0.1670035870740631,-0.6619909567554884,-0.1267835438973428,-0.3899392820178835,0.11306403130949323,-0.2736393588978645,-0.5963608616868628,0.06366423012903001,0.3100071962463172,0.11786117098382327,-0.48408234404133843,-0.09035876219246684,-0.38089048325424696,-0.2932227620426698,-0.2747244624664367,0.26355075641697445,0.2377911745241256,0.49460301077181373,0.35771658750871627,-0.1131804341954636,-0.045147814582560356,0.09926481229220722,-0.5304911859907525,-0.1309670538492365,0.05905979656897003,0.22514367619447206,0.2415376577684545,0.03238464390766288,-0.12026597139191599,-0.15199751884003415,0.5609227470856597,0.2343881472944687,0.07300376439894057,0.15320866295778976,-0.10259847823206356,-0.03395791221769578,0.053985564975643434,-0.1030891991311965,0.23281636979115322,-0.2831657032178124,0.03883337588226612,-0.3937600406635085,0.11239069164846359,-0.35965757247774954,-0.2089985063708198,-0.5443340116077605,0.11898606934843442,0.22873576596860576,-0.1540819307814526,-0.002344392780995471,-0.5713878813549421,0.03084052943912296,-0.6103912010110594,0.1776616449639064,-0.07639149234069807,-0.3213670692360964,0.19109363650143138,0.1357315102814281,0.2894637426854039,-0.25698067511964345,0.2954344165446465
1.4230892163836082,1.1511653760504388,1.5224425955606908,0.3912895159182354,-0.15504082181492998,3.387202208263068,2.4726667487397616,1.563408909826981,-0.9865500262138615,1.844744150566673,1.8036966048363736,-5.051513884671184,0.49716316907420044,-0.31574814825802017,0.3631300196695728,1.899862945628037,-2.9552874513445313,0.726755101560116,0.8784994152262786,-0.6944598244717916,1.992928576483808,-0.7959847057909198,0.26660470136474645,0.5910638014661549,1.686626059052732,1.9168842780330426,-0.2947338544306745,0.07754411376448872,-5.601767724911419,-2.693049405432318,-5.224750364738345,1.3334378507232005,0.9696722199801401,1.3652270960247797,-3.4523344356684893,1.119331179683209,-1.3344256242217565,1.5843208167516032,2.1776207866830717,3.3190243765875187,-0.9674605608812452,1.9844356679142952,1.5235463320477278,0.25435072827600763,-0.08359529756737262,-0.009821825736011671,0.9098898671171676,1.1484351533657637,-0.06878631588002476,2.935512835371367,3.816012284325101,2.0620514260111036,-10.04625547357732,2.4134546098153526,1.4264110973964517,0.18887957530244948,-8.867243537132087,0.26668628947545103,-0.7899458943635219,0.7206641509961412,0.08175115610505064,1.2759526035114288,2.320354722923174,-3.2086167707888755
0.025710591586876295,-1.4174848361800902,0.25154714206074885,-0.7251601474990055,-0.07996527200520796,-0.5672147930780144,0.14537824018261003,0.619912393022215,-0.550047006070869,-0.1542288661223031,0.5621886951174707,-3.1650157550028664,-0.7889872119647805,-0.265619682628446,-0.012705813462938694,-1.1823932785518503,-1.0354803065629317,-0.3026825221227233,-0.6893299086262927,-3.1833074796217775,0.3410669734657009,-4.2275997914240495,-0.1456124131090851,-0.717748257957039,0.4949357516314932,-0.9096189881984527,0.042452126582537754,-0.06768026680651304,-2.776747772285485,-3.8320221900814295,-5.844291343352976,-0.3755868955630188,-0.050253241420345436,-0.9974015230589337,-2.4506764643480174,0.2055921188878776,-0.7988812336896797,0.611980190553121,0.4191857201134726,-0.38828153540728505,-1.1529992270526714,0.0958396335290705,-0.84116204605223,-0.1624126293050517,0.1353137644654662,-0.27177735640221085,0.30149217711893017,-2.315897036186419,0.0463367074646697,-0.8793087041557583,-0.9071160768711048,0.22796739636047242,1.852768373403339,-0.70735369921537,0.05778201229297539,-0.17465695899860026,1.8726152568969636,-0.5908898477832255,0.0356146151869907,-1.6661434591476951,-0.10778036821695045,-0.221256286505852,-1.3002118302848318,-2.2345405221932664
-1.556278942376581,0.020729480427657078,0.796909630077305,0.8709545049418633,-0.2027922332335824,-0.3897977381628209,-2.599152163659775,0.4725375582438211,-0.6246334039800425,-0.27699000308845645,0.6022032486427813,0.05779841039761111,-0.22861906144528052,0.05655201260260903,-1.0213473226275145,0.9758914882866,-0.174515075587781,-0.11293526841517015,-1.0680411736176079,0.21762610949198133,0.6460651977817102,0.4881643542484389,-0.38937497997927983,0.7253949012025019,0.7439727188885101,-0.37701953836549534,0.2898170068275688,-0.0421550611176411,0.23141693321988477,-0.7324233357969846,-0.15046547028496404,0.29052448590330604,-0.18630372911034523,-2.15562306365285,-0.72486203178312,-2.5950506533604454,-1.0852667282030242,-0.6923471876659686,0.09290723918505206,0.4227723615846618,0.08803440625700941,-1.541114289737021,-0.9423678922220468,-0.4313998726121468,0.13129136114724396,-0.41436139434594355,-1.0799757905237028,-1.039823211498981,-0.49228307248598424,-0.11607743334149902,0.17924632515566855,0.4270364889525726,-1.676278417759024,1.164427341005514,0.3625293285462653,-0.7183597109294874,0.3885720904318007,-0.13581799535329547,-0.17850877138442073,0.6374616155909067,-0.09396726380388923,-2.6175872833962806,-1.3676583155023334,0.011724059166159598
-0.18275902182277254,-0.0727557019525885,-0.1070555982190672,-0.47024792601845844,-0.6299805313751948,0.12537087285383522,-0.7254433575014855,0.1651825408693649,-0.3431246414682714,-0.5151677717003033,0.47327484782147117,-0.11214989806789408,-0.5164245877381659,-0.2753577174899285,-0.7892718922324182,-0.6164192531056477,0.5022548967269821,-0.39732234913569997,-0.9111644159557207,0.2574769554567688,0.18161332473732492,0.37099226819754094,-0.293663217814236,0.38629721122583555,0.13814312763546902,-1.6009639807844638,-0.14971071054024343,-0.15177346515918982,0.015792760493684707,0.04974514886893576,-0.01767892404401573,-0.33432758624781855,0.2762650807451819,-0.5168981577218691,0.437285171924088,-0.9741609710023951,-0.9709988932622557,-1.176009102672351,0.5982266884453624,0.40421360316480914,0.8156736403207707,0.9821839022710517,-0.2672384145413332,-0.19270223363903607,-0.1913066670934164,0.7668247819914022,-0.16279929598335077,-2.140526293508265,-0.2311000412114897,-0.07937035754073483,0.14966921528630897,0.20809345442024793,0.08242125691522559,-0.9153549414214983,0.22509820097688052,-0.538998858161654,-0.2691671204589956,0.4431743063271641,-0.8030925508178477,-0.18380880466279761,0.07941178721060056,0.8555241075454736,-0.8535931869807986,0.1092665003464913
2.079296099783981,-0.03282504306304285,1.0108532535306243,1.2390852187582684,-0.18407917098863924,-0.14879258825248387,-1.9915398053446762,0.9629979100959647,1.150109744888972,0.33235821423587203,0.9761855520855999,-2.7254166593406084,-0.27147472413490525,-0.13702523771368377,-0.18680668596650177,1.3238468317291348,-1.8476144364458391,0.8324551587897941,1.6446665309183044,-1.9202296612000693,0.6628049214077295,-1.1485573472902662,0.23932963516724348,-0.5936839697063476,1.054049677497557,-0.10183395967731078,-0.08961126199298827,-0.15595169664608355,-2.407920339223295,-0.9729920028508448,-4.323578118806189,-0.42155093149696654,0.3441097383155975,-0.12400520146781581,0.5048607099088218,0.5557721342907945,-1.3536823584773647,2.0812618631487365,0.7646150100142036,-0.2841797548956001,-4.682002093904094,-1.3697309163225289,-2.1250346267617664,-0.01619633247717709,-0.11657909954134632,-0.509820275085741,1.4968031712701342,1.0834089517154435,-0.05557684746249142,1.870405429088576,-1.03739678161445,0.7376826872735027,-0.1914481533236666,0.5158746516547431,0.606833119623623,0.3570358923333324,0.05574385347617967,0.08496882567193959,0.4884917501266697,1.4773540508658198,-0.1520143858770746,-2.6206308638897995,0.8292579019661714,-1.8147129247643827
0.6145409899301009,-0.7129023699140643,0.8443044893779882,1.4221654974565954,0.061884310157178254,1.2791211512003307,0.6159469606559448,0.43613696266520463,-1.3555222967219493,0.679938092411172,0.9438209473436647,-1.4121406536099694,0.16602733459096444,-0.202710987445968,-0.31232183841926187,0.3787869292332692,0.16005875528887642,0.17668765102878292,0.32194212737831573,-1.9455764307559267,0.4928543380767321,-0.0879262616963995,-0.1294339670697195,1.3356096987154418,0.4842390822481836,-0.707214305335697,-0.07211698511748955,0.2661636727672821,-1.0182674812488226,0.06610787750287445,-1.295324412725883,0.34645199655011527,-0.5718240235563714,-1.4440445825186834,-0.2509443176818512,0.24532421798022522,-0.04022839946387775,1.6215380748262225,0.19840089167832076,0.5893686596564747,0.6493915646520013,0.9816260146981737,-0.8453367315139236,0.036173247944045354,-0.29894249414096097,-1.0317662032344634,-0.2235298141032467,1.7184482334870932,0.11456536898520094,0.8910378583444262,0.09823838968690692,0.17441373861555656,-1.470233683446718,1.1203954894546222,0.4523423815861373,-0.23603087258823535,-2.253026792681306,-0.27280893763108477,0.23696396759491614,0.836415896411993,0.13469732700870005,-0.758988413832262,-0.6265910793324362,-1.5389906151691877
-0.6799500355461985,-0.09664349409927381,0.531958955511048,-1.3743894657552616,-0.09005395301937319,0.9585623483618178,0.8676744286027989,0.5512457741214836,-2.5964834719468763,0.4389288335122862,0.44673127265318635,-1.160255839853484,-0.40203994447568575,-0.43501550001173317,0.13083165507895608,-0.35807764315043183,-2.1299561985715285,-0.019826998483588973,-0.05228987246855223,0.2810167495480161,0.6087790672125877,-1.500450400234143,0.05735220350393185,-0.5989174265032816,0.2766552558873559,0.007867778071081674,0.07902212688533472,-0.010827844055118264,-0.40200380550004083,-3.284405074950926,-2.8402709470048237,0.514865509258662,-0.07261528691560058,-0.23997168264161328,-0.5003441936240662,0.5400394834643303,-3.070147927138739,-5.1295462228253434,0.5641301786630094,0.21952252262920474,-4.515495936493988,1.026723770106842,-0.09080708888432545,-0.1456765202192004,-0.26422375809606086,-0.14038278193104037,-1.1272082596222774,-3.255078475816691,-0.14288622993685082,0.7640276764231796,0.43592168699651934,0.34152293129805816,0.36215943533816797,0.030955202484141575,-0.34383910350147684,-0.4067415222210848,0.011218880459425727,-0.5405469334291696,-0.22998108874836048,0.02125735013072185,0.05941048973464367,0.6809615212187676,0.3775117833028336,-0.7392872860004565
-1.4975027757551316,-0.9369497773588362,-0.01241005943385525,-0.27648450660144996,-0.2567168568590071,-1.2685253479241076,0.5406079713028963,0.17923148738427222,0.6204426778113433,-0.6714670072409734,-0.2766999515884869,-0.07066854480154315,-0.7830286763430536,-0.081983279873137,-0.8111988582997275,0.5094177886649663,-0.10826431406845548,-1.893113218053798,-0.4842220551520304,-0.9582642282237233,-0.20600966420514652,0.028900136041200945,-0.32841085322959207,-0.45514063141485533,0.25421230982798354,-1.2047785917129852,-0.028579489296858406,-0.16604895868717964,-0.30645579960152514,0.34109389023302666,-0.19630576959343066,-0.3391005678915771,-0.16539655189464753,-0.7348807606981234,-0.2969472587039555,-0.023436927876269602,0.18071181451456325,-0.43405141412986187,-0.4241969380454401,-1.8839691924865747,0.3661854321542102,-0.7380336495738492,-0.3166472936081165,-0.38758626478663366,-0.40723415514850836,-0.14741651224166052,-1.1386011174275068,0.1847354533415796,-0.0343970404325911,-3.6703988148430207,-2.94604057283594,-0.18247672882704094,0.1743745024864653,-0.6907534414319662,-0.21957732692805126,-0.5962614723297194,0.8325288567432695,-0.36681537870242004,-0.8677822882708018,-0.17262186742552632,-0.04987690315905218,-1.1997895054082433,-1.86501897463058,-0.25377761229885026
-0.7859465724148311,0.5753460722210861,0.1230675535774947,-2.749055795704752,-0.41539539998397923,-0.8841754983321507,0.353721054412785,0.35911532507673083,-1.329830233432514,-0.07553219259030401,0.19159367800726593,-0.2075095017153725,0.21393067699464974,-0.38907553318161914,-0.696534271733005,0.47974466181991793,-1.821256856603629,-0.5604142842911096,-0.9725983894299987,-1.9491069714696567,0.610467647085629,0.025435911110435257,0.2730305330968941,-1.3168028138259342,0.16074688033574505,-1.9098058533310875,-0.2664278217726734,-0.10803742136373416,0.5394559304048414,-1.8168559891076754,0.7261319932618402,-0.7157587073218492,0.2526574335722154,0.32940630653242,-2.382076847777025,-0.29875740729651273,-2.1910092819435625,-0.4367817062945326,0.3182058519691024,-0.5485007580373478,-3.256262027225133,-0.08965288916599565,0.3108737684796642,0.19935679549815707,-0.027015121847470926,-0.19391837097313877,-0.6704287857464699,-2.8938696792134087,-0.19576111342235689,-0.9832708006527762,-0.14137187486172362,0.15152066768469938,-0.42206448935283986,-1.4947576697719596,0.3129787919002687,-0.4693969791446581,1.365011571826882,0.19822218884094017,-0.1262671469412017,0.2887144427710626,0.0940490944973265,-0.342500275271629,0.06623612107681973,-0.16044607177225031
0.04437068836180143,1.9685519135625704,1.1039317074209782,1.4459518201533148,-0.14538263509747035,0.9559194374395369,-2.626018413804504,0.970321096650871,2.1497573673366532,-0.16236331210658628,1.081702580109051,-2.8460020626626408,0.5561156569604047,0.15639832237233708,0.088992751339629,2.2788224116565376,-3.7156334941161844,0.0675387865876718,0.9857140180377207,-2.078047034446906,1.2024447244465064,-3.4751457032360102,-0.2585109361661821,1.0672870884842263,1.1820499834934532,1.288598990485411,0.4788664278203522,-0.1360926021981518,-4.021567192994241,-2.4299593665266093,-1.784753423567867,0.6898759899160803,0.9119387140629729,-0.7974463340189304,-3.405634023261606,0.9319766005650117,-3.44020470971009,2.2123738573443865,0.9760352362559122,0.03902788113538257,-3.1661917477398775,0.8493241045859313,1.734953556541698,0.14648493044059713,0.0560554060689052,1.3919258076984244,0.5105275912023853,2.188092424008771,0.059132563178919524,1.7950643219938864,-0.4253897212782373,0.8260471542380854,0.32589604721029364,1.219527025400696,1.34633878809494,-0.23502940982963144,0.5631853998170597,1.2016795002891478,0.29101802800680004,1.404103844843276,-0.22400519520953635,-0.5619634831332256,-0.27660575302058427,-2.657875922317545
0.1901639540804312,1.6901680475884475,0.11188846628491936,-0.10767646336204473,-0.19803156045722134,-0.25973322211047667,-1.0378500035320644,0.31421017832827525,-1.2472865328185787,1.3312312033104938,0.5470241019803052,0.020012164088036563,0.4608936026892982,-0.05825564925282484,-0.005326630073295499,-0.4255148203888687,-1.938692164871457,-0.023197061471931197,1.9064251026004875,-0.9591562558422883,0.4233636283287543,-0.2337449397560208,0.004116354792208675,-0.020734356415132608,0.015130847763004851,0.15515236607751695,0.05242595117109573,-0.21420087385737202,-1.1824758991671531,-1.7007543969998142,-1.8795689654829386,0.03913197389225397,-0.7546348018811135,2.2122066144824726,-1.1183834737898455,0.39725368923250914,-0.19607438563928792,1.6021715301619466,0.6700358953455287,1.3544239758646384,-1.194831217127147,0.5054340436945512,2.0480080665666134,-0.024044952172949018,0.21419060675486357,-0.024108631596569906,0.6754232743454147,-2.601695313247407,-0.1302055460711095,0.32316215863115233,2.7356619385852547,0.1315319960941189,-1.2982640541671582,0.433064891078518,-0.0157319434940406,-0.199798470232558,-1.809247744508727,-0.5036103543200815,-1.3207111478947322,-0.2348097137513875,0.07019103785796658,1.1390213680784107,1.0281577010552092,-1.0923900147377126
-1.202717270474236,0.16271048740136537,0.41464743611995714,-3.0845711945992584,-0.28172561633268844,0.7019006336645639,-1.2842761084411094,0.6980395226858733,-0.5162802457044983,-0.36319906820887266,0.692476738908662,-1.1911774761641618,-0.714028399488229,-0.33413005036168164,-0.33560357310114447,-0.5537516704184252,-2.7431831892095775,-0.2684853241122807,0.035878706846025746,-0.017672491441520017,0.6237754816048077,0.370457642201596,0.17747286480690647,-0.7251101810698186,0.49324267059172533,-0.6734278970480977,0.3529769065560251,0.08977739739864529,-1.378070227840207,-2.7295459377741484,-1.6758096838242746,-0.6239315840703641,-0.007522841060083761,0.45427883929118634,-4.359606202699895,-0.3246109360182513,-3.223708462535459,-1.5645066483615753,0.661464156356711,-0.08047847208214273,-0.20352473827390632,1.8750374695692769,0.6971824270463377,-0.3051474660023525,0.02221855261005989,0.8938616668854259,-0.5054230706212096,-3.0896695760791535,-0.22606500323581372,-0.8539824428972957,0.8318449462346885,0.331174226573381,0.041812468470360804,-0.2803160595685895,0.015023858588023782,-0.8698327383992864,0.6642596731807091,-0.14295397114035258,-0.4535330416116244,-1.0660074992088655,0.09844169021011731,1.4633124299075357,-0.19555621946687773,-1.3693356730265909
-0.22945040875254977,-1.5771457550873305,0.02731665629211853,-0.18388434630907022,-0.028461351985930392,0.6262957286829334,0.19462418897596123,0.13063505436445608,-0.20990380706440856,-2.0095927202180794,0.3279356789002588,-0.003019894088022265,-0.5223861891581142,0.24673413174484998,-0.1277085274606174,1.2050769697189148,-0.22839253274139995,0.6277330961656693,1.125546286321892,-0.224412743099819,0.6332523839482601,-0.6543456604228484,-0.03901482915771641,-0.006041475792332182,0.534094824420002,-0.05621814431860653,0.01211686341238882,-0.00143459296362996,-0.5881335407158027,-0.1175627113258694,-0.0755202110065717,-0.11137624818557523,-0.09143738639183947,-2.2418127788707225,0.5597993147324722,-0.24606372434136672,0.21367104035555762,0.31998036840020644,0.0234486041348152,0.4388123429124929,0.43311302950447733,0.35219279261539127,-0.19647767953855563,-0.05507262221883131,0.00753361863443327,-1.4688121934340916,0.7376133460937988,-0.21758803296763202,0.07596988549920879,-0.8248676264256432,-0.43067471938103613,-0.10828753207408959,-0.3978058410906497,0.8832109501989943,0.714110541996532,-0.4266781670400008,0.26569191152569105,-0.30957132526882225,-0.7368359405831812,-0.39317275063200846,-0.09956455391406847,-0.6709550882018231,-0.3152295830745934,-0.5636862640586344
-1.2134929696470522,-0.9827635633928667,0.33495019113673397,-0.9025409168706473,-0.7635007740565796,-0.24017852883484891,-0.016305647856889958,0.4999699843250526,-0.27262535184722175,-2.4611039548201257,0.23720815313449653,-0.131943723582802,-0.3297565224008949,-0.2667440617689627,-1.3670405280433822,-1.3575256692395488,-0.48655279160607534,-3.784210884392094,-1.1327081362834075,0.051305235021953124,0.4695368885084401,-0.15609799985512138,-0.0015607002216121444,-0.3902620208641196,0.607300343371155,-2.354176927846233,-0.06225265015598701,-0.24072116752941145,-0.12433226753689253,-0.42696645279844564,0.24660845213143237,-1.1537000384516514,0.1292361206897997,-0.6255085275717313,-0.38477236350841465,-1.3619530386874412,-0.06807302367981351,-0.13034237169851007,-0.17490661414055986,-1.191320667209283,-0.47547429937033925,-0.3294348438763219,-0.8223382652654687,0.0479144101819649,-0.06254565911909465,0.027048046666645773,-3.4995877472327717,-1.8489791232097008,-0.2189431781901904,-1.178595357309006,-1.391256165984681,0.05758635916415786,0.4159500661761642,-1.2850122346318384,9.685115286319415E-5,-2.377168171534673,0.36893091645237175,-0.36790465699614794,-0.5311228201722539,-1.3248073031003007,0.035337557166667456,-0.12264820456526299,-2.027942120247971,-0.34152467849877255
-1.2426621408601382,-0.02296448588124577,0.6497628106845518,-1.505287360248717,-0.5246396622652091,1.0267626739951423,0.9597995188320273,0.8865724107202368,-7.290369263697929,0.44589029302590266,0.6972227751602794,-1.4990868766222132,-0.202675759763147,-0.07502237420643276,0.08519236958239892,-0.6753171052958559,-3.8395612826638237,0.09757742797554048,0.09152652019684952,0.2823031395081885,0.7258796739620909,-2.2975683791502797,0.15829419081576346,-0.39225364599645773,0.6919293663013778,-0.3190612116145788,-0.42518031774207315,-0.10396507771291591,-1.1043087299299676,-4.063166820524241,-2.8593585619036537,0.6659618494246037,0.3192382770073366,-0.41087288969274033,-2.0323508674373363,0.7414408207066071,-4.175883436190148,-3.5059287040949156,0.3743832390506564,0.6573397544979765,-6.433846290446947,0.8312517272324249,0.34971978172567514,0.03906895874409562,0.06324030744911052,0.235744408710516,-0.9789412601915606,-2.1400564001492643,-0.19763360136424102,0.7581845823660742,0.2882239092385461,0.3302605250174079,0.46705136069999414,0.4065750408109083,0.23613567030510388,0.15568013262208563,0.6071584815136077,-0.008310262680714425,-0.37310254570345697,-0.7762018559992068,-0.2526680772177325,0.8877183978898212,0.20632727908401824,-1.4093729031961133
-0.5786956594117854,-0.6769155762026164,-0.11867400869529196,-0.19632165428217002,-0.7644440870550294,-0.7781107438815609,0.19633526285803182,-0.016617020529209266,1.0537824249760868,-0.241092676921903,-0.1535849480234618,-0.06767587443183194,-0.30548241164893564,-0.2253011274844167,-0.03389839792711647,-1.7196794735955783,0.05511829096797459,-0.9481142372298634,-1.5589009414257324,-0.5518944987534494,0.2307017020809544,-1.0322515889598016,0.033240129425406974,-0.19148600159416618,0.02466427317673757,-0.8528484530032628,-0.38236062331831067,-0.11207731766276842,0.09835272611035985,-0.12220650380002672,-0.44480119194580403,-0.24381598827924514,-0.032072785736678544,-0.4922594352836782,0.1011535748008111,-0.2897871237209317,0.49853894520382885,-2.059324165962855,0.23574597230231084,-1.2321514483536329,-0.2981945878523133,0.10365633233083009,-1.0837316749544115,-0.5147222102317083,-0.2993610395104775,-0.1132428764700691,-1.6886946041668047,-1.328138685047227,0.04498322858173971,-1.4394228179313433,-0.6344977721971334,0.06020689205918356,0.37522363590583074,-0.5243942295260988,-0.06192409679267967,-0.8000504376057251,0.32948236104729983,-0.17002408730481713,-0.7242317735846482,-0.2709413053515596,-0.06416965057152933,-0.10261248675635347,-1.4321835176341056,0.13709411941344363
1.6007520887242264,-1.1196964219070102,0.2136838880464582,1.2612775835904408,0.24910175421959135,-0.6078147665804087,-0.6205633713569871,0.45898616902943806,0.41174549461862137,1.0326314763935829,0.3701872895737821,-3.3747608062654657,-0.6355819343537785,-0.21608089386702992,-0.16816558726150768,2.2364296467295888,-3.166180027969461,-0.7119341630911623,1.1245144522439277,-1.0356158135808076,0.27415366423043874,-0.6921422713994249,0.36232049794040594,0.04523457820692052,0.7166748162858018,-1.054707270912634,-0.22225167648703162,0.11278083830368868,-3.9578518409648646,-0.6850987785530837,-5.036303062782962,0.6471428543753371,0.7269209315719368,-0.6733720076882362,-1.2419198324667997,0.053706901741161696,-0.6824514668832189,1.0031218623982,0.6094677941844764,-1.4346254333988095,0.49472075693735845,-0.21676466319009968,-1.731426996065343,0.11024441078402436,0.20630920011950885,-0.6931350878168928,0.955115415511697,3.0852017615553455,-0.12377835714305231,0.14808982187029263,-0.6198272712923082,0.014243275947438069,-1.9601779654916844,1.042866990747771,0.07096409093290126,0.41768138279173017,-2.3199211892869114,0.02787590708334597,0.1395861306562316,1.5119073319552114,0.12462451515769904,-0.5198390177613463,-0.8366920748307516,-1.281865162766816
0.12364614944192229,-1.908507366056093,-0.04883854604261481,-1.219364461067587,-0.25310361847332474,-0.4136856057969618,0.354793353043901,-0.13396367781278595,-3.1261529995208295,-0.0021943492245911347,-0.02693778590567586,-1.0026268379111174,-0.026973401339664967,0.175143835250193,0.00845648477682993,-0.5255246191923717,0.10124515930244717,-0.6024390517875862,-0.5881065993114997,-1.5414273582616866,-0.31320801517809405,0.12148604343872178,-0.20469811445547972,-0.1401486946485935,0.3512751960636093,-1.532268583121358,0.0032422731640122633,0.0868087464414095,-0.21062585461124286,0.4551341961173915,-0.21621696272520094,-0.06652637488311142,-0.4245419440862748,-1.4160108028416398,-0.7742550678212394,-0.31185104628968396,-0.220796436838801,1.2553873327374854,-0.0829843556742099,-0.33897845392367054,-3.3335134459571822,-0.7907101386292802,-1.5133697444251486,0.001072761061732517,-0.007274739206558176,-0.7593085080383088,-1.563751632874502,0.3136168010588977,-0.32347945222008206,-0.38572076351875634,-1.2369656162982747,-0.1844773076607453,0.7343854341485805,0.1567699688459176,-0.3526547189748964,0.5958402180900336,0.6356476883793295,-0.33679742945471375,-0.045860815291594435,-1.607581058125869,-0.0827205209988637,-0.6437284832551143,-1.4504186696184531,-0.839782003010374
-2.107595639943491,0.9633701364515721,1.3495997024092412,-2.363626915448816,-0.706358781903962,0.9393885862945487,-0.29359455546894214,1.0242073542903705,0.16742652174544906,0.5366515133367071,0.7155557279775034,0.2591557332851727,1.5410806782103963,-0.06187034341998226,-0.8770449874766582,-0.3888409087475169,-1.077654312544062,0.5605487857186138,0.9877183093444714,2.753402672494075,0.7861051426082907,-0.8065070639744587,0.040524170973732364,0.23797847028848887,0.6466478560286131,0.07512686171577004,-0.14301577352580322,0.07615002046736545,0.35087977392321607,0.5804416823389144,0.6679704094215547,0.8619954651510556,0.2660588225836052,0.6819140549848287,0.9544074124311712,-0.6223368282873025,0.9215985056546352,0.06718674592742703,0.6131103008918676,2.8643909701797137,-0.23994446114132678,1.6518438319870432,1.4607231779934207,0.3595050219050023,0.05274426146321107,1.352499213846154,-0.04793181514585531,-3.2463790946763837,-0.044445349777151116,0.624934796305126,3.1158190838512883,1.1860589283116723,-4.483804937862918,-0.08108872882504971,-0.26914259009014385,-0.6117606587651367,-3.6135775936684253,0.23821038771833358,-0.3901673741557275,0.5546937797236183,-0.10891364911894609,1.3611339972854395,0.7261331062906352,1.0013191088075017
0.33980552253576995,0.07991429645838113,0.8800882263922917,0.974250326280538,-0.22117916619544614,1.3303419183264482,-0.9463481317295599,1.0277882629325135,1.4467726876280889,-0.6142463798103616,0.9429120248848886,-0.4933511036416833,0.2562061282326392,-0.34384497628427235,-0.5717331457577292,0.6602818043887463,0.1406127264659352,-0.14753996737466477,-0.21968359933678752,-0.6256887341245706,0.9759285312126066,-0.013179102480126574,0.03965765614768716,1.0604076003340044,0.8291911007291354,-0.8777771984042321,0.07123338949024788,0.03208025107242679,-0.19334252026519091,-0.5013875104463866,-0.19890735409738686,0.8745042106891883,-0.28980727185630883,-1.9337442714917916,1.555509779107482,-1.7917026570265355,-0.5229882036565161,0.4894901716356765,0.04307342845472148,-0.630407113204194,-0.5850376627346915,1.3726734490960846,0.9742993803003483,-0.44396106992070294,-0.36779908420043145,-0.8849117934025656,-0.5316776040066961,1.0536728349223274,-0.05321043239163092,0.8244159728034696,0.725150414253572,0.9390357825313903,-3.511137344185674,1.080613285452857,0.6942558257867318,-0.8739284473470456,-3.0971690546344344,-0.09489446159335971,-0.6174674869750428,1.2361522924927038,-0.07638979288361147,1.5667144347817752,-0.9081910366495859,0.45318130959829955
0.01846341615765786,0.4967084384576031,0.03659014287992967,2.3284463918663016,-0.17268248314065957,0.2089145974438196,-0.9458792357302321,0.23601828448649284,-1.002601099903799,-0.21272639093054194,0.1913140568762177,-1.6967804050539175,-0.19053466488877793,0.341168824518119,-0.071551118297657,0.4021628469422911,-0.32326688625152755,0.15652253143194128,0.7615239221847836,-2.892896659839508,0.26692301277773595,-0.4356758022494246,-0.06710625141274648,0.07353133015780226,0.2793150251316376,-0.17984072609965934,0.05773760821768726,0.02131763011963333,-1.7497896816355378,0.36958992422618636,-0.37161885371493203,-0.03581135232555984,-0.4284679862223053,-2.3029733326563244,-1.1976858046834116,-0.2870908516986735,0.8722299795714313,0.5512358096924027,-0.3786278588864665,0.1954518162777053,0.4214591600509488,0.6790386967380214,0.5248625232794202,-0.0035220051379070264,-0.3110978416725494,0.04721839419584967,0.21729902162904732,0.9117695142480416,-0.27061691676124955,1.2934346894664328,0.04605887883550337,0.07730108028922483,1.9585453351402597,0.39359149884385974,-0.49964877808415675,0.4556703663662617,0.433580665187984,-0.37052326131865243,-0.14589438008726582,1.5677650548939983,-0.011782801979181736,-0.8757218638083549,0.17662659278116088,-1.6910452494040122
0.9063909885670851,-0.9923013880009453,0.4129245507460904,-0.5387866997412205,-0.06889932700125742,0.9181897865659109,-4.552115602568743,1.1960499709271877,-2.1387332339241696,2.4309806734858186,0.8236908012915455,-1.0659458050451796,-0.33851869527795714,0.034686711648617974,0.28194973428357734,0.9683382275894024,0.940032976959197,-0.3082302868149531,-0.018365565773630986,-0.5279693171927121,1.0965935109456673,0.576718282942453,0.06396354158069673,0.0816816487598452,1.1843476212949986,0.2817833730658266,0.0015676081213443578,-0.39909939207520845,1.0029773556923973,1.2165581626402966,0.8620034248567492,0.7735670407681234,-0.19262089731249113,-0.41130113913719396,1.7200243924500456,1.020477492913656,0.06995271573194985,1.7618568109101709,1.2504724897764152,0.4433606197228715,0.7850549813090377,0.9325170613025373,0.7688615592216947,0.06668879703710659,-0.3112240376910169,-0.02921443393646764,0.6537368103017341,-0.33881358395880834,-0.29959506287019755,1.775862102285094,-1.240404230479638,1.0096237095250946,1.4876756502623332,1.531886981482703,0.8864530896092714,1.0966432924144636,-1.134548139898572,-0.05632104810502097,0.04473675075218871,-0.5383297493325518,0.3112971840612537,-0.7333924225776872,-0.1865983569369613,1.2980875958533216
-0.7342200143306773,-0.6129028548174846,0.28573271121567845,-0.5234936750922453,-0.7565636627804644,-2.412858979028031,-0.8205540411655974,0.5048569849605016,-0.17723243343823522,-1.7165575532104638,0.15499380332337143,0.24219640016905641,-0.8576666623023081,-0.2775193990919447,-0.9383176849017524,-0.14959135771275245,-0.1764646216562422,-0.35772239767086694,-0.4851057675063369,1.2567702053415077,0.46430067063577374,0.11000987286002256,-0.005421365440206358,-0.3610925958591543,0.5458775021761393,-1.1352798976211,-0.17824915365498453,-0.08545007183533423,-0.39065569642507075,0.16749569814808868,0.0911227818338871,-1.1054328148171053,-0.11702604986798108,-1.1423722475085178,-0.42344194486889214,-0.7029758129157699,-0.08937819798698404,0.8381007070118547,0.4502668942857766,-0.3303741817807051,0.3989840900620244,-3.426857895073264,-2.6252112856953285,0.20758684455444465,0.09884059036183317,-0.09098589367192605,-2.3835227942290773,-0.22282702614939714,0.14559256096060055,-0.347169029253366,-0.47236989307218896,-0.13053919669498812,0.8004030152091897,-0.6080878303466625,0.541797976477698,-0.6799216169451754,0.5538847905074665,-0.36321896128017,-0.3519458333511358,-0.854210036345722,-0.22914048945240378,-2.775695852168952,-1.5683903052131238,-0.10289983212135664
-0.29263533675330755,-0.6230464886633246,0.5175388182156857,-0.1473274340364915,-0.24708587604936827,-2.5750876602754067,-4.785248823416485,0.42802439313630875,0.3717718921136162,-2.388294571025554,0.5424471598154236,-3.314163798444208,-0.3885671418500771,-0.13228929860564637,-0.4229710733204405,0.8843413883937806,-1.3505891486424046,-0.8597683587514459,-0.8639671887911279,-0.7507247831082052,0.6492405983185413,-0.21034324773450522,-0.022895572840410904,-0.9017866550930012,0.6707305486206295,0.024512139409028043,-0.29096422485331846,0.5204845984480015,-1.8565047893606046,-0.9992994660314978,-0.6110473665522748,-0.3499702103063183,-0.2559372399716008,-1.13866626760882,-1.9993091483322978,0.122287613927829,-0.6056617880525395,0.6065807333815904,0.5617503860426748,-1.278886328191396,-1.8549358446439612,-3.564202031374926,-1.1635025273573893,-0.1518449352704167,-0.45522861991429864,-0.057163924223293014,-1.0559489882368562,-0.33139522309257413,0.03346893338162815,1.343277083272648,-0.714312476766738,0.220020181586927,0.8564807186790059,0.8452674493097864,0.7021168695675506,0.0017820769924189578,0.5585646233008649,0.30840036333675164,0.08633922690477677,0.15884537930273668,0.028599181106367326,-2.237729846757589,-0.4678161167303226,-3.6224446468755342
0.07045814102339956,-2.393015440177483,-0.13138161616552388,-1.3387591553360303,-0.4056512730307433,-2.183671609180989,0.18210877393784922,0.04220903050961844,-3.3202829117154598,-1.9939826098486553,-0.07523446139550914,-1.0753909840725686,0.011911235733084662,0.056258849810952936,-0.4774053487897605,-0.46685136853814757,0.15451270104726336,-0.26388799883116126,-1.01764900818257,0.346250159605063,-0.06925582861918272,0.9384969221377171,-0.02932020568679529,0.07107274753703514,0.03227604686065686,-0.6861883230132703,0.047491863946321516,-0.05249901692953838,-0.00766580364073458,-0.053785508925917734,-1.1071330955881078,-0.2994586404608626,-0.346072451407443,-1.1066772711399109,-0.21296390614039246,-0.42257896193233274,0.2505182165877154,0.5933301064465585,-0.11791338589393907,-0.30148831422249317,-3.9988888579093285,-1.5072272344809488,-0.7690887388313908,-0.23929308910781039,0.03362228734076592,-0.3154114501517661,-0.3458187348493747,-1.1744603543011618,0.03601384525620374,-0.5802997101955729,-1.6593350181810682,-0.031732662398001064,0.5775215608656525,-0.8062457796450497,0.3769733123056613,-0.8090432753892625,-0.050272649436910656,0.08542575836618856,-0.2005387530021225,-2.0599271858167816,-0.2794293582214432,-1.320314379975985,-1.7745649869031213,-0.6504488600908733
-1.8574820204104854,0.5196292686091681,0.7581837702144887,-0.07070575531562931,0.14519078520656614,-0.3064784675879689,0.4701656422859108,0.8084859359873898,0.5524312915534777,0.9915590117019769,0.46985460220573955,0.28740874883708817,-1.0541254294037161,-0.2226392973733318,0.4425871224689695,0.6368098323402437,-0.15624134728599884,-1.800355703915686,0.1249889584263573,-0.05858848653825612,0.723566482102044,0.3450502478244195,0.09082421392126075,-0.6213217575691451,0.978808672235831,-2.633249363957053,-0.12764314380195715,-0.06945320907000029,-0.04390382004402043,0.18670532652168875,-0.1064527239011827,-1.6193154188962477,-0.32517753978379604,0.5495166108943135,0.05860298934612343,-0.34120591628239005,-0.15884736397779542,-0.023111343148389935,-0.17778808095418963,-0.3745697670265634,0.417423963380627,0.3424423017907263,-0.20478336939651592,-0.09053189076348035,-0.35308172976419516,-0.4967402335461783,-2.027215235003249,0.5499258915044488,0.12630434435560503,-1.9106678598797673,-1.1668940239385914,0.2837757694861219,0.758188765725594,-0.5521051812550901,0.4320344054623013,0.6169177657835582,0.3326155327117252,-0.12761986691670393,-1.0691543776883086,-0.11796316606778573,-0.17998192457342352,0.547235655127313,-0.9080538641334679,-0.05325200934126122
2.031007675489602,1.1842697123827348,0.9093364587420825,1.5021007068635879,-0.04895800385169417,0.5753658133172488,-5.975234637716657,0.3127321407894355,0.6032436736644414,0.02237705481934318,0.9104746809764585,-3.036438481956779,0.6733087304191886,-0.025058615939354087,-0.16459762018576993,2.571262024212191,-1.5443372316312944,0.5788502739938048,0.9568977138470462,-2.865871890459041,0.4886935776202669,-0.34028494083977884,0.001524037332406885,0.8459691685883903,0.4072955609264085,1.3833794225968867,-0.10269197520907682,0.20957325225834492,-1.048238192378952,-1.6633597971594978,-2.2878852760453845,2.059660249797426,0.5782609698012681,-0.5611385828661913,-1.614187727959662,0.10500187895301016,-0.10707335488521966,4.292741709861009,1.1315636217512697,-0.18238880866348692,0.465956096159636,1.0844576569071294,1.3515072261002459,-0.1285491227968956,-0.015205100560739343,0.12318401250434438,-1.0169977913673849,1.7400668022585257,-0.05598117419747822,1.3109517630700107,-0.054429115183860184,0.3077427818265021,-0.5382884314671892,4.556431789318658,0.20546461738065802,0.17237245979331284,-2.2566529207218324,0.993674977906741,0.2174623859733258,1.5148498214704136,0.07590434360223236,0.34043193355145,0.9282261463643631,-2.084030217391454
-3.0074462939010083,0.09139008672628154,3.310968739762407,-1.4279041914998438,-0.18768092232289071,2.963453967352886,1.0039665230442816,3.6171596940852937,-2.5251229741802304,0.9178057635384438,3.75619170914618,-0.42204873477700205,1.1970236334379845,0.054792550422528175,-0.09901102973299093,-0.8700734384646032,-1.8798062331203342,0.5716473798471974,0.5804742960638609,1.4611691116002004,3.397824902246527,1.0536181583553157,0.46668603262382374,2.70948604698073,3.2488485798643487,-1.51511550230005,0.21012946857008827,0.17942335480890462,-0.5449355252050072,0.2879617697838886,-0.7776976728917713,2.550681501879818,0.9208203263636029,0.5597455272871787,2.31997479292648,-0.7350342805422261,1.4801324752172085,1.9000361185130794,1.6681472900166459,4.643681872413688,1.3262577919394778,2.2169000085672947,1.06914544098281,0.011135630078597551,-0.03165390249875566,2.0551517259052723,0.5885207283873679,-1.925995079454759,0.11116376785402697,4.142124764756489,3.1688717843525906,3.556427157371492,-15.701364542436595,1.988016380534813,1.897822823964867,-0.5622263300974735,-14.50916650908233,0.3703767749568899,0.7627743005166688,-1.1458187652787877,-0.08389178741835879,1.4910912441698714,0.9207983894067672,0.8900087909609393
-1.362606781231986,-2.0459677274135823,1.4497604537267172,-2.2922289810625163,-0.03157413052097503,0.10562625628725585,-2.9753322153907202,0.9137540613383193,-7.504085090201186,0.07102484155831032,0.870889483365287,-1.5138899875168808,-0.6876347585873382,-0.42014914228367617,-0.6931396309981342,0.7417621547287442,-0.3681426561748136,-0.557560488538149,0.8457042478775076,0.40386723227979815,1.4365160198454214,0.46043024644109026,-0.20524449994886662,-0.3314349641913696,1.4009027356356816,0.2956167169429784,-0.11956324458195014,-0.08019301613996797,0.42989836228547346,0.21981437767549258,-0.047216505773698146,-0.7713534564614553,0.08527639308431116,-0.35043541799412786,1.1593626206047423,1.3637676816816173,-1.4888849642538025,0.012634768253450793,0.3005503807062289,0.9095268187936012,-3.4809395397826797,-0.7811462123154851,-0.3403634776188148,0.24570856096400776,0.0763785506019929,-1.0156810138320753,0.6562091214003845,-1.2618840044915707,-0.04772226341584077,2.0660431363677954,-0.27634186120478954,0.8994694374377238,1.8510671713756028,0.9421706966323543,1.3603476935623495,-0.6392287204218786,-1.4988267110815459,-0.2636200042410937,0.5550645491598434,-1.1663948438488174,-0.03899759425501298,-0.41384266265206954,0.5084326075849568,-1.6578185251769118
-0.248150477527831,0.2225522074853464,-0.17625591005901847,-2.522210406137239,-0.18748348308951976,1.4730070504964767,0.07261245645393431,0.4069470002487814,0.6188360251937303,1.2296467045553119,0.30407870000626974,-1.189311120602491,0.32316680720783375,-0.09004335517263004,0.12543426993499018,-0.3293756015071319,-2.111980890506411,-0.6828553301104819,0.33984603976460914,-1.2289168511701483,0.0823658402855504,-0.2600823950032552,-0.1271784518576115,-3.0336955904453693,0.0679397170404985,-0.6187387933194695,-0.17226561778563115,0.12556463423334396,-0.7854158767684425,-2.6387375001706457,-1.4389790165239156,-1.3359217593144008,-0.48494240406439937,1.0673985311990046,-0.5245616886876502,0.3974412535979164,-1.1167383533902364,-1.0330030417844456,0.004076855969609802,0.13916122326088012,-0.5640992654957748,1.6653444727104998,0.3818093965212712,-0.10262408531539129,-0.08133920493723033,0.21923920675636058,-0.7378022036514067,-1.896560487253111,-0.290007785514523,-0.6059029162245848,0.14613984595815993,-0.21369395239484176,0.04227195857654029,-0.01662268131537536,-0.6221158878475914,-0.9348912611564159,-0.35116935066171445,-0.6542170296023301,-1.21341280521996,-1.080680314815383,-0.2512109668357157,1.110995541209395,0.14608767167663314,-1.0358016776034096
0.35655546316511644,-0.5178278002021555,-0.23824036980101834,0.10703040928719466,-0.054427433948006615,-1.7654914271508566,0.2778968408638436,-0.06640704400896917,-1.5642651576483262,-0.23519886849824156,-0.16774962100646296,-0.6521339620788571,-1.137517756336336,-0.26365297096684465,-0.06805299095464157,1.4339804703546506,0.10884711203412828,-3.299081645787937,-0.31844733087073246,0.8624859778732431,0.3957875572493845,1.0884538557461114,0.40774268461427615,-0.8190529786807126,0.3630220314158702,-0.10943357541251435,-0.13216355547487496,-0.25822078178561875,1.3647217847643063,-0.43670558035375345,0.4294550040230089,-1.243874805408654,0.14378295021852688,0.006997814123900213,0.25400857112475966,0.260076232186666,0.08129136859613526,2.6037531077991933,0.005828133102912236,-0.974130088887564,-1.0078463059646685,-1.5840191899979816,0.3236892315535471,0.1687174926242076,-0.1867913941486206,-0.1604704757775938,-1.5634088421426577,-0.4080011699154656,-0.11178968697443334,0.3238992670845268,-2.1345171048565703,-0.48465127128577945,0.5492365549399221,0.5144551489835724,0.1708736754056867,-0.730631754967179,-0.773860772395399,0.4986549939494028,0.08389819947086999,-0.7340373636060281,-0.08618186552098941,-2.612990698759513,0.407958532986071,-0.13197831004200608
-1.9843816978859783,-0.2581863101512588,0.5090732820069761,-0.811623589058316,-0.7579688118094058,0.058366164614695744,-1.415537405543793,0.4643427135104992,-0.21395557726522335,0.775626648926768,0.1709066350338675,0.09332138290458294,-0.5148628905446788,-0.26847209752573004,-0.4765491686122098,-0.5821180368156369,-0.11143241466118217,-0.6951777769870103,-0.46876871075703264,-0.7912611558522995,0.22507552323446486,0.11446046801945911,-0.021035891404954234,-0.03110262385927303,0.5531724376450622,-1.4861198384321488,-0.3299048026976916,0.020429838016665564,-0.08798050873216255,-0.7158456296353713,-0.3158987261729102,-0.634189092512176,-0.032507722169222104,-0.16701226640022687,-3.8647251395645315,-0.7060397274643775,-0.42678434674352367,-2.6045224403549345,0.2122154777968789,-0.04773463309041837,-0.14785956741662365,0.5853955341452658,-0.27528398729658604,-0.11827284105947346,-0.1446103066734888,0.2886074695946883,-0.7249891135424293,-1.5477458964832747,-0.22029464701469542,-1.0818115585588834,-0.17956230251968985,0.6367896833490877,0.08890710312937754,-0.9035339585044766,-0.28852534762775717,-1.7206374928829276,0.859810617744826,-0.3010145324659225,-1.4666045193259682,-0.20509861385263448,-0.4922977945662144,0.975777201250158,-0.627955636894565,-0.24778469218515334
-0.1464619853438423,-0.7857258192305817,-0.23837117715787334,-0.7622888761013035,-0.20912243326576554,-0.2802092306118655,-0.5092357581962993,-0.20534217609633149,1.4369811840373667,0.05036953790648185,0.16036726270036286,0.16419977315342116,-0.6961923293747319,0.0860704361528241,0.3799594745249374,-0.013885141575821776,0.39001081521500053,-0.2551427284714694,-0.6621156848846307,0.5809541954868711,0.12461355142205396,-0.5543620743306044,-0.5723092661156705,-1.255951143209246,-0.16050830684853126,-0.5768835252816837,-0.17105356874340372,-0.24435561370510228,0.25807093591050984,0.27955249078695965,0.18282500480200403,-0.49692197143155076,-0.4266622993211899,-0.48725659206600813,0.04363828810383676,0.37644490585200185,-0.05102335200310813,-0.7995785410572489,-0.03289980033792146,-0.5633192846759216,0.7000565185196662,-0.11296425141935616,-0.8765291887881063,0.13024873450052474,-0.19784530947778609,-0.3808553116402795,-0.520070511032257,-0.8891817090525223,-0.11225098379845702,-0.7396175507699091,-0.9124602601317853,-0.24868723222502837,0.8481378788521776,-0.5755639246176545,-0.20828405783893794,-0.5817045863423285,0.8574489336008763,0.21591610475661477,-0.4542391070766896,-1.0759736728159384,-0.38554722085103316,0.4434169361110473,-0.8561973487657892,0.22045494361981766
-3.919227724848978,0.8817183355296871,0.5782233024462327,-4.549794419431741,-0.21372660628425957,1.9727928162924782,0.8173389489120331,0.5216499332960288,-0.9887069735598387,2.2042485644955785,0.6171186138771617,-1.177686646010712,1.8384023484435865,0.18910929342941957,0.2141874128391949,-3.0920016311837677,-1.4460984745839245,0.2874536841808291,1.326799875074055,0.10218463491467573,0.7672306226543585,-0.5711593322758844,-0.07935967681531512,-1.8827936122064404,0.7892304735347171,-0.42262408079351177,-0.036343298083100085,-0.20649190446893564,-0.7618818600684722,-1.7662595772761516,-1.6606681258329277,-0.14733241860521287,-0.25332443329951604,0.6543725695305942,0.39263198824794854,0.3996919502322579,-0.16624932161729905,-5.315051213016736,0.604123328043407,1.0624418084743683,-0.4299475306392691,1.6811151872181782,0.4860739323960125,-0.1959692924831191,-0.032106256005098956,-0.3025995868600106,-0.4799079285642716,-6.8236666371884995,-0.21128521415723506,0.6912707066932322,1.5254641411815837,-0.001978452534531393,-2.1753282623225574,-1.2511551440618598,0.040192132337681416,-0.010935011822334716,-0.5972828071287986,-0.6600925486627272,-0.6575807222686746,-1.516957627337194,0.05527081569359891,1.7447704489169162,1.334889894746726,-0.8216607099470346
-0.40600149739227137,-2.5164043056483485,1.7794624619348434,1.1576611429985262,-0.2040274697316962,1.8712938186008825,-2.2789453223461678,1.4836229475772669,-3.7240043883559495,0.8331982559704816,0.7696640080533453,0.7323126806276323,0.1673785985470348,-0.1332627960143523,-0.8870471817917578,0.13570570433310958,0.11444012243201895,1.2500261564280988,0.10942150853211789,-1.0899891508116577,1.5274083093862345,0.1475576349871403,-0.3327514913558882,1.7382273013458398,2.3023804473744436,-1.6618493995756802,0.07626141978612548,0.04705166839550683,0.05226258356430899,1.7441633275413402,1.1791716935484957,0.5151934792337309,0.21009960991575538,-2.8133518765570433,0.34725954483387006,-4.895471847161804,1.717842824745055,1.8246173812922117,-0.054056326217492255,0.828636532525946,0.012847418825533091,-2.3035106489793007,-3.037048734291785,-0.27753034906867685,0.1791331825244832,-0.8732707968076083,0.3177463026907539,0.4363333551839745,-0.47210219556772215,-0.4959628081226671,0.5773005735760879,0.2269589769728678,-3.082256767853759,-1.0510183184179667,1.7451623326653556,-1.5181692342576154,-1.0867601608677482,-0.7955791906306865,-0.2453238880517189,0.15949670547623948,0.09829727909036655,-3.5268602888970473,-1.46486116816176,-0.16969600537668497
0.012440625484307908,1.086510925898859,0.15748197491177301,-0.3857412566530597,-0.14112699073736387,0.466984239603307,-0.6857074799586609,0.18193313062713481,-0.15140216081035668,-0.9683623362887576,0.6593991506199451,-0.2238544882630241,0.06937646431443188,-0.09866510227569507,1.107936581464947,0.11300813595334841,-0.31156625037767516,-0.7424211254783619,0.9318458624579401,0.7729281900466182,0.34790980642340374,0.06506467892395917,-0.06392085749821705,-0.1352856119252488,0.029172332704285753,0.28779088769713923,-0.2731938754842984,-0.12193759064589647,-0.029311915416160364,-0.22916741704150212,0.35370086451891253,0.18979546237566414,-0.2970463431221723,1.2933349005312724,0.5378844450245241,0.75244887458679,0.3592677032677551,0.7927326879903093,0.21392942549129207,0.3870207080924981,0.03002589417531609,1.9538689426838414,0.9968140734268652,-0.24347298422818922,0.22914148843848792,0.17398702868653462,-0.14958064233328766,0.454949467817696,-0.3016616198476003,-0.13279181503048143,-0.15538589409744982,0.12982129900233677,0.4974947768238018,0.5003841979626864,0.06159003198596279,-0.08924411369686404,-0.3906209507135256,-0.4354997134485482,-1.6256372797723058,-0.22968936921779748,-0.01575389121307622,1.4756773983653453,0.5313628113404306,-0.3194969982159584
1.232019680809194,-1.4444832639367768,0.2857471567850423,0.31858606145173324,0.07901994165690705,-0.9819290368831624,-0.42275678115925164,0.47921001726577994,0.3950228681402114,-1.6403760760882165,0.2736538244561065,-0.7166362856318053,-1.8080073072784313,-0.1385817618056387,-0.7782786374332684,1.2181253773835357,-0.6948102347567122,1.8089979631284836,-0.23665119362343232,-0.5897649214790671,0.9726702773582083,-0.1931178460416404,-0.11202715555852569,-1.0209346837400135,0.4358483804269844,-0.050076490248963976,0.14825998039922064,0.1714355952618939,-1.1365697888856159,-0.2295658552437939,-0.7265259002359229,-0.3091495858205282,0.06061978616056042,-2.53953988294894,-0.7143014313356706,0.7676610541900584,-0.1223024901872186,1.1337227113037276,0.9494658976547535,-2.150924959776138,0.6280839609574294,-2.2446353709760323,-2.5145153418376824,-0.10818183349200787,-0.07477432533716485,-1.325241798537343,0.30951855372424264,0.47488946585681885,-0.15822929291718923,0.48407828070446046,-1.0815195138294993,-0.06605755309203104,0.5234179920160585,1.292595408295338,0.35480876970832825,0.1078472872100988,0.5648956476898441,0.3207456351494351,-0.29845047396137486,0.3541545181813581,-0.6104917918125031,-3.0226178941054562,-2.0079106461693663,-1.5261918182555136
0.24110649997612724,0.6960484436775742,1.2674564037412366,0.6104892220567589,-0.0929788405894189,2.9877842275954274,3.0309985810454347,1.450895368185104,-0.6495951882376444,1.3846039991174188,1.6252193718839016,-6.43478870894284,-0.7254333103745217,-0.06438131165723764,-0.5290900271291563,2.722669083764329,-4.696775299296887,0.28702001627794077,0.4733199278758898,-1.6848966008954855,1.6314300038777407,-1.5103602995881318,-0.1929311822256979,-0.20566737524500067,1.3427008980740018,1.9367444827023628,-0.33407605410525604,-0.1292348441331016,-7.2020656473328115,-2.4317121169349285,-6.001448079431664,0.18337068352720545,0.1412751918165247,0.7094014990622979,-5.4578203985894875,0.7450425595825632,-0.6302519055734613,1.1118584228809918,2.2525298688554813,2.646605736252689,-1.9012599257570424,2.428072508898094,1.1918422740713643,-0.02969562733870235,-0.10876130089120675,-0.2722117631951448,0.8506741830998733,1.0109191673413689,0.3870196136392537,1.652652158808346,2.4474996454652325,1.0031846772553092,-10.287379547954318,2.7382928876599544,1.2891787828840504,1.0588699098614862,-10.03479676688043,0.547291345594724,-0.5519063911560564,0.2906753367328585,-0.4728923186815869,0.7938707689916541,1.8886968217230682,-6.553746171700258
-1.7441130591732592,-0.6445079793969937,-0.24285653516957298,-1.21003353573725,-0.3318451936562668,-1.0339431985164471,-0.7441468813716975,-0.28054645150397317,1.3905817885491383,-1.3526125659531603,0.1804956865131857,-0.04150244605539957,0.4606933119018035,0.019984265311992124,-0.5432794901367272,-0.7546642851807511,-0.030546032653790234,-2.2400873079483032,-1.0577304356836954,-0.3422064184239222,-0.13984239590634445,-0.29313377897472526,-0.2844854268935102,-0.9024829109178413,0.12045653231746783,-0.33757379907260443,-0.05674331020814744,-0.24100116523349466,0.5282303098849968,0.16564693179724718,-0.27073387685838696,-0.8370221918823211,-0.3591777738114965,-0.5281424677281539,1.030967116509515,-0.1470573859367049,-0.4331188812981096,-2.2248912740589097,0.07575875566115373,-0.43427002054379854,0.893469951072832,-0.7588785156586844,-1.7210493521879422,-0.06143639823968131,-0.10857624046176993,-0.8335670076930696,-0.843451726890533,0.060554338844208244,-0.1064507167521916,-1.3883801777527065,-1.5128420440294352,0.10298017339541433,0.06686969126592945,-0.24178253894539337,-0.2994741740704107,-1.36210825399791,0.9683728579192702,0.09688644099865812,-0.6292551997892818,-1.0033546618856473,-0.28605672173168284,-0.5025689686106801,-1.07992111907406,-0.5319263281919744
-0.5263514962406847,-0.7421496295566311,0.7040775945421126,-0.5569286368708941,-0.1493768265940369,0.5208150028613622,-0.8068965575574354,0.2653497871330085,-0.9928838552892105,-0.7568422798583686,-0.033835128503512196,-0.35394222240166795,0.15778795459359543,0.12105773380532327,-0.4155848016183429,1.0912983739735145,-0.5307685904765024,1.4146522444295997,3.007646883628845,-1.4897034449703765,0.7948523638609555,0.10133046135928475,0.23730632813183558,-0.3164065270733157,0.7539454702021343,1.120745676893902,0.014310288432440404,0.2472876131032091,-0.5578683250397664,-0.5185698397731547,-0.06992429382615886,-0.8128764881688849,-0.27724358477231026,-2.6494025178545506,-0.9860221203006321,-1.4193356933766748,0.08687506096794052,0.5790904085789531,-0.09665609945883843,0.07005959919078637,0.7647865278931228,1.2687646596369326,0.524310408136028,-0.33239690711085534,0.15252966464546186,-0.8786261846629171,0.35944613426551625,0.3389525906482931,0.10589668531963956,-0.5002771314906616,0.11256850765518561,0.29800508854762436,0.06427770707205865,2.0670158276830706,1.4384372994820307,-0.3474369387977881,-0.1813382010122979,-0.2302704424571931,-0.5604730769656059,-0.42501577954242553,0.1384842797225302,-0.100994132059498,0.69891242477817,-0.967914386668017
2.684036201260454,-0.4613569178019432,0.3162822266301868,2.805254891923779,0.17668748312541477,0.2647496257152377,-3.80924076658754,0.32390136514612067,0.9956159790970419,0.6865026891136868,1.078972633270504,-1.4839502003438483,1.0405726310229098,-0.06443549280519119,-0.2704730538776826,1.7304790151029064,0.38483438327452724,1.0123529315736581,1.2924114717841777,-1.7607225733277536,0.7761008573304723,-3.1816257236394434,-0.05792838633636468,0.4049107383340238,0.7211600516578079,-0.6310946968306673,0.16609361840953799,0.002394567600791749,-2.270159287836131,-1.335932495102957,-2.4752597766252764,0.37696237329482557,-0.19540967704543666,-1.5874293266718704,0.30461044446420404,-1.8501564248272984,-1.4100402251840987,-0.5699111260301459,0.49303904855454556,2.715133915987044,0.9702142292715905,-0.47423446045623935,-0.04244687503183487,0.039454545566062406,0.1609953635151016,-0.2047608450079541,1.0583133409046563,2.0075452403435787,0.008036473790284172,1.9703282736690635,1.3968994666046126,0.5721352215374232,-1.2063408060741425,1.4041970038888563,0.07306530038221798,0.10016030760560234,-0.9385878491060943,0.25288400146135703,0.15527434637535195,2.8363585861766945,0.03782407722978047,-1.3254780939524862,0.6216009024215413,0.2835198416123735
-0.5039403585300555,-0.9399238294337577,0.09795023349511758,-2.217127418810113,-0.6131922470093523,-1.4349686274130586,-2.166304521647719,0.3068559429467516,-0.6577018971228962,-1.2406061481843043,0.35954656944891805,-0.22538043633904878,-0.8618955419261052,-0.021705880116814187,-0.2964150175081375,-0.4247475791526173,-0.9445806398100091,-1.03425580766586,-0.7699855768942301,-0.335018706159784,0.25708864955368776,-0.1672448030128769,-0.5171858275017762,-1.256350888497234,0.24860260620320948,-0.2453692411571736,-0.07088723739074207,-0.03127325100021096,-0.8354548057649847,0.2864332431160303,-0.19440374390803697,-0.5482173408413965,-0.13353225808706126,-0.9110653892641377,-1.1573503564516883,-0.5652104391551976,-0.012047005002061056,-0.6513026060471363,0.33883546992326835,-1.7759564574596864,0.15974532800738367,-1.269512748050636,-3.000951678831657,0.10865374808454785,0.1302601069161016,-0.3806500748806077,-0.1525424010544027,-2.222148060163076,-0.030489153101952052,-0.63265852019311,-2.501776672742129,-0.3185260831518501,0.2988813546259159,-0.5810865110871931,-0.02890824391260125,0.27489251577724516,0.5799141196150014,-0.3915460485781803,-0.23823191510755973,-2.439544113521809,-0.26488617100952216,-0.6761868212073191,-1.506574214274506,-0.2126361497336711
-2.2218969726984996,-2.402858286754788,0.7574759868775652,0.16718724772513702,0.30822890669508834,1.4184695136948002,0.7825338058481122,0.4524213568815247,-0.8460530849653674,1.3223122310634112,0.6536614525932047,-1.620588998197211,0.06649938676193987,0.002742943067974708,-0.7475637683882496,0.4063173830024172,-0.8113955730580253,-0.1184365468435945,0.4085141439159148,-0.6405634518192194,0.6646241950865194,-0.5217356329173707,-0.10879568983316436,-0.006471337206815731,0.8815538116723662,0.7154756653681694,-0.07036546676203026,0.09418628409261719,-0.802746985147549,-0.31250109879959787,-1.9975382280856537,0.4832991758279336,0.08183822030865293,-2.449763698392814,-1.1548994393655836,0.44674543022030533,-1.2209260634467065,-1.2182217544491465,1.039368379126492,1.2391091108553933,-0.5173611101130254,0.47425758486101904,-0.8985726446367152,0.01656059823189731,-0.07286294097868574,-1.4814257045148993,1.2719182556072788,-1.178171401761227,-0.4620320215216936,1.7395882658461401,1.8452662580040433,0.33488758037170385,-4.641677937818557,0.7654539223073735,1.2505586374819389,0.43417878746146626,-2.583134912688399,-0.416800328340686,0.5061758314874278,-0.7844025214769879,0.023779469398376704,-1.2812164160223196,1.1887846807383522,-0.2522450897703382
