-0.4608554836629178,-0.7179270888541528,1.0881135283237398,-0.448401685463109,-0.310707987901795,-0.43868339167210374,1.1703943623107436,1.1743612546024205,1.185644309193213,-0.029400010200898892,1.1973258460291527,0.35505050653349546,-0.4827910384739368,-0.09534058628807594,-0.016845423370795403,-0.22192701754369745,0.4690265208064451,-0.4710754330016494,-1.650030519542932,-0.30083088850327266,1.204985014756194,0.2861050775012618,-0.4624554347987527,-0.13083220843144994,1.203485392298408,-0.7982032169481352,-0.1390934586716577,-0.13029141139449055,0.5777627057175985,0.43035514079615345,0.28255427249685167,0.22521207691214673,-0.5395287501669231,-0.8189067923667908,0.37417144826711957,1.5355465229105627,-0.40862627877348834,-0.9200505386537557,1.1703084386380198,-0.8162682019651216,0.7626566362185473,-0.10849495978522007,-1.1052200759666948,-0.0646283371081286,-0.06543370740638434,-0.24959679867139026,-0.4131751309152779,-0.6825596093874474,-0.07759126722180132,-0.9246609574135081,-0.7482910571081552,0.8687634874777457,2.6573275570879784,-0.31088813914998814,0.8138358638553869,-0.24010334369311487,1.861019447582426,-0.37701641012605935,-0.5198570701821846,-0.6748196169460077,-0.049878263666921316,0.003924041602184201,-0.9872124914404582,0.658712371436712
-0.7167075205002481,0.7593249467140745,0.28108577084676156,-1.390349376680122,-0.1820052793455573,-0.06268262067126572,0.6230386478894284,-0.33186363734752333,-0.1854840914544676,-0.5872449154495358,0.1829112387209257,-0.7519350164299957,-0.5501267320511267,-0.14407818999888183,0.021090916843348514,-0.19635052812184953,-1.3841256366344699,-0.03564668154857358,0.7793746154803451,-0.9556780452376806,-1.0273192013413314E-4,0.4195739150671958,0.07631297487719518,-0.24073242486011023,-0.11250961405345056,0.2819194466175866,-0.032034616682645886,0.19935085473278744,-0.7349755927270567,-0.39594453310609307,-0.8175465971149307,-0.12015485104097795,-0.058494603319157436,0.4207941613704851,0.5009925322255642,-0.5578928930049516,-0.6978965679995075,0.2111718935671726,0.29594165710652964,-0.4758047982828246,-0.16968849171576572,0.8868711563335121,0.47109337017781916,-0.19091975333582384,0.20830612531118384,-0.6433872900070006,0.16822491972899575,-1.6732712212752803,-0.12109707938380566,0.408598834463619,0.001123790231952474,-0.0690384558874254,0.10270173212307407,-0.2894434126085308,0.4760626020575416,-0.6453576728035476,-1.226254245281332,-0.06253908250997223,-0.8328380940754314,-0.9887614993128062,-0.21115961401383096,0.5383176468922685,0.033169495206455235,-0.15312652154246711
-0.8955587917513044,-0.24623982112416903,0.9256209034409923,-0.5801085224118788,-0.19218867319897778,1.347835352629979,-1.8648723925916306,0.334333070488369,-1.9004776018706575,2.135526961049221,0.9538638653702691,0.7268071537456887,-0.08381817527163002,-0.0916838841778092,0.36064982059020945,0.9114488733985724,0.36737953006615753,-0.5031749033193244,0.8095451681263126,0.2725128645596173,1.0488939934100834,-0.27465776779116063,-0.37302593340168805,1.1110730238425004,0.655454141588962,1.1728972120069028,-0.3138122381007557,-0.4749011755275087,0.9656704237545762,0.08520313141589161,0.5356431522868128,1.9200464628065494,0.17127391658459795,-0.5631430958325291,1.5008615494665274,0.5908504796691217,0.09732528556814238,-3.4088079061430765,0.48542160421415115,1.2210520247668177,-0.41060257750237095,-1.5312647860463846,-0.5512611937253011,-0.3793121479692766,-0.03906075213402054,-1.4025579841821234,2.050525175578169,-2.2874706113214858,-0.5121202447757706,2.0269209099492747,-0.6266112619947545,0.13820651975996662,-2.229059932475292,1.5751601455290811,0.6686304788804923,0.056916644184980894,-3.7187333613366476,-0.37320902682112556,0.10680218981221744,0.23394111923161043,0.2910338547361388,-3.728037226968125,0.06488048036248217,0.8751489367780209
0.665740681166923,-0.33005091935956704,0.5722628428192286,0.05464870793278613,0.3387580105698856,-1.700526075372445,-6.318569518031473,0.6619890525644782,0.6596290986183442,-1.0543554908399622,0.7606294505974729,-2.4406680682265263,-0.4414794275731578,0.08795513463626828,-0.35733132263872236,0.46542447161305023,-1.7552131239810536,-0.49069703167717266,-0.3611286239484087,-0.5944886833223776,1.160710094582693,-1.5844770207840564,0.15160303606105693,0.18887278994807172,0.8275160110973065,0.4012896302973386,-0.11117681293628925,-0.5226558789815536,-1.1927508992879068,-1.0192574374932126,-1.5771429690095207,0.3810430620016923,0.14451883879275024,-0.6598191613296515,-1.1167205541599639,1.3213106878558392,-0.9318787791064916,1.2081159807830966,1.0579720787043143,-0.8871693050484368,-1.1324131760590972,-0.8789519062164767,-0.6154605506217433,0.022833443897539343,-0.20629825393238638,0.5696773311072698,-0.535594374814893,-0.003974084923470289,0.10889487285325877,-0.10055528382197024,-0.3844817254901607,0.5107462909368591,0.5582884688131755,0.6318152192176619,0.36619540303514025,0.23837736527153167,0.6486705937667285,0.3777282024827192,0.10394652662626276,0.4278038748803707,-0.0381951690209929,-0.27800759652197454,-0.6098229147766804,-2.3342672173187706
-0.42500152880808434,1.4273093266053958,0.8751658000900898,-0.7282892885372976,0.18946368585189838,2.1712624283952655,1.5774087865413962,0.6932560033553891,-1.5800907011759033,1.1781042285746217,1.2839911412798124,-5.8161569657174885,0.12862825343774115,-0.07472310275453058,-0.11198300504084621,0.021013880700327302,-0.26419246940688706,-0.011806635957875383,0.7160430146483925,-1.5905255875429112,1.0321477818067233,0.15532594693282628,-0.7081657168283567,-0.7647865265902324,0.6373571374987721,1.1296721681403044,0.2627726481623241,0.05325291150379479,-1.4607700395068413,-1.3929230827948806,-6.84628640407279,0.6510388379348406,-0.10869870134438143,1.9940706955309233,-0.7653011974707018,0.6433675722347986,1.9286338930265297,-0.8313692466634375,2.099555816691596,1.0845652935517145,0.3426332043448838,2.6026475586976385,1.9873578732257173,-0.04916783935525311,-0.00966643217754378,0.17482139532859167,0.4122709220727306,-2.509138245113281,-0.4090517565509451,2.0527946853029477,1.413985544509716,1.1481507192717388,-0.3069446061004227,1.6541683574589197,0.7510778467819558,0.5246063929448023,-4.460523376160234,0.48275560695210756,0.3739969503074144,0.0051019651287072905,0.1909854718327856,1.721007326400147,1.786512052303844,-1.889161233695867
-1.3321777618445303,-1.4207298709113187,0.06199788597153053,-1.1615349772971637,-0.17825756465270376,-0.8728341398128954,-0.016595836291642,0.20881147031755357,-0.3028189150673511,-0.696151571046155,0.08136848100628466,-0.33397556712770093,-1.1934179416414346,-0.3660842840762472,0.191418993532377,-0.6247343683564391,-0.9409371616861782,0.3783945352483216,-0.008206721855512175,-0.2706205212881287,-0.05538038945831592,0.09339010495960649,-0.5829628848618702,-0.8392747302720652,-3.734556175788779E-4,-0.6094997018253742,-0.07332791930828143,-0.15991880153366467,-1.0294356994566467,-0.816875305645736,-0.6003624737312316,-0.27246067213508646,-0.8233669698080133,-1.3363744250086065,-1.3863018664199243,-0.21693448797842055,-0.14698871132365002,-0.48082439005568006,-0.02375829542586881,-0.58569719349952,0.05439539394892347,-0.4760778347856007,-1.6116317354066858,0.23365219803703768,-0.017038042708781672,-0.6649372221738085,0.2671846857019875,-1.494097840501164,0.10394595620099649,-0.7225683594838083,-1.8124283562928438,0.09325026279984047,0.6623801612500883,-1.4265986909257407,-0.25589516343258,-0.0903758748052229,0.7619303180669404,-0.6088084705764166,-0.3157665541447336,-1.8212599401707796,-0.07332851543615648,0.039463844654289565,-1.2074884557690115,0.09381097929192284
-0.5157020739041716,0.18717653608932094,2.603637231140499,0.4838716824380124,0.020416627952964783,0.9579390535812401,-8.336377121380051,1.7881638371236732,-4.168912997099853,-2.407090775577682,1.472527567769111,-1.2217073209423643,0.3756821285197707,0.3066079514917183,-0.3377466987335186,2.863407806490554,-1.2301693302104113,-0.35931412534135637,1.5236619993413953,-2.2779027370365164,3.4037376220009388,-0.1301898701356074,-0.2940758924925566,0.6233052628940579,2.465052241258583,1.0340665825142454,0.14503767529136163,-0.018500881349527952,-1.2944992439400873,-1.9169770774682813,-0.5691366388569125,0.38491499421462827,0.8285882882247833,-1.0138085426759964,-0.8285013544825879,1.993820188466738,-0.23252290920488597,2.453408168024577,0.5188406697356686,0.7958917137535798,-3.8877156189918476,-0.878752903978263,0.6858272199005682,-0.028779109120944092,-0.11090268382917913,0.8535403611531287,1.4523341134343157,0.48762691933969576,0.05583750680341365,4.545436152491008,-0.4069798761953954,1.921515412730169,3.056560593572491,3.5620461461139583,3.367531582352202,-0.7351120491493175,3.2147481626355785,1.444785927670761,0.6266905468205456,-0.0042368386390763384,0.00396466689330029,-0.6097162023875167,-0.561809035661331,-1.1439371935202391
-3.037649472109616,-0.3542668341281749,0.4443554519967125,-1.7603198466291647,-0.6465068650046925,0.5319855513610797,1.305953108233378,0.5853667931263024,1.014464321456966,-0.10662962095834849,0.14070491634680235,-1.1933808891811486,0.2547888362633336,-0.21365652467226087,-0.19529359681373626,-2.1614098982851884,-0.4387398045204655,-0.11498383089158366,-0.03028365649448449,0.5838531124605079,0.38959580196882176,-0.014967891300129469,-0.029804914318807735,-0.10894575535173165,0.40387666056480237,-1.815620199508426,-0.20036660212386032,-0.3172660006557392,-0.5118806521903259,-1.9819378463747372,-1.3774783214635264,-0.03045233030348915,0.053088405748863476,-0.20377678000109406,0.1296931532643124,0.19765107349875732,-0.2600503189832235,-4.213189630112095,0.4415178969636551,-0.24917096542531988,0.7704227531641461,1.1979891250934915,-0.14369558626717058,-0.3577884684855803,-0.06826943690646596,-0.06374644247005552,-1.404521168982679,-2.5826490884936373,-0.005095912310187828,-0.23089290166858473,0.49432720165966115,0.21985670556201656,0.49155108062173086,-0.3499245278863482,-0.13559893219398964,-0.41206873121006904,0.7746407205726943,0.08252517937554128,-0.4718844784819053,-0.8576713893013678,-0.16600725179959072,1.1021720824779322,-0.26008324178763953,0.1864307221339992
1.0526211759342692,1.2435729629088887,0.6804289181897023,-2.384984289271402,0.4419857675593347,1.3726515538397355,2.3970794596358815,0.4632981096293918,-3.02547629606884,2.5809014774787933,0.7998479948666427,-4.681553521747561,0.67447860383071,-0.300836906594899,0.21884431357354261,0.4046235443532279,-6.612550283076767,0.6623042026167091,0.2687207306961978,-2.1265494170570314,0.6229197310494077,-3.091805467854737,0.46804178128426144,-0.7466779036457422,0.7288686772790459,1.025179828320243,-0.04161779723567664,0.1616061478060466,-3.0994672027810672,-2.0631572343308613,-5.508292959853592,0.5365404059538762,-1.0676889379875214,1.337869840051796,-1.2096909016968749,2.1111109647861626,-0.16801005746658004,0.7023838504627299,1.3350560754643137,0.2826554237143805,-4.2457764803991545,1.8321534417295986,1.7889256033462606,0.04883735302360554,0.29655765188620986,-0.5674425138211822,0.6922276949506281,-3.2768906294333164,-0.21425559202496836,-0.5896588231833954,1.8071597193355207,0.2726922930600153,-0.2994622650542526,2.5087725640303673,1.0723980737160885,1.778629023411534,-0.9564059404369285,-0.6270256192171962,-0.08140636331073864,-1.4547911836117238,0.043962123985743326,1.7503862822358434,2.2622924593373983,-4.163334557985062
-0.9862175534726932,0.02962568489969609,0.9258337374974744,-1.266209246826849,-0.270215175758635,1.713862053297393,-0.15962511845006588,0.898698429208097,-0.6433215561314887,0.6425560687422602,0.7915321566920966,0.543267611570752,-0.25886058948809737,-9.166501185345888E-4,0.15541133915939348,-1.7560719283998898,-1.8566325640223345,0.28660071826370453,1.8657482705683386,0.6608955956991664,0.6037203753115252,-0.6317212274198113,0.08493333983515597,0.816076507189916,0.7138509041935168,-0.07508601788598053,0.18375642074316137,0.21241907393274603,0.8144998248154945,0.2726742999079439,0.0781107041437742,-0.012735253438902392,0.28835003873518444,0.45159939975291735,-2.1409782568263354,-0.4928583229141676,-0.2955785497758006,-0.5115774688961101,0.06732620233398677,1.4229717738196606,0.37751834390864003,1.716437872166858,0.8443461798722246,-0.3828894197773616,0.08484637185813639,0.605882423006675,-0.09832664612428872,-0.08037985629375356,-0.062164531494792605,-0.30612734174123263,2.370185995945412,0.6044646768001551,-2.477906253819549,-0.34728706723688313,0.06395206456449593,-0.1716149588207557,-1.948891105543353,-0.18425753153421245,-0.029275570526734504,-0.6516866162433205,0.10179175297034458,1.7565538459310595,-0.07610360133890617,0.007292136429706965
0.15054835452282805,-0.8557453759334501,0.2467500509063359,-0.7499894852554284,-0.33812603546272274,-0.27645793637408184,-2.609886153475482,0.1376448169730922,-2.4604891464568595,-0.07458830251846417,0.2413408040508814,-0.4847574352812726,-1.039533851779543,-0.11353768242806542,-0.2683380202959389,2.891794365344207,0.3219200629494476,-1.1849210154101222,-0.7405468236955641,-1.0413405511419864,0.918687634467997,0.31936147797420167,0.309865318144392,-0.5474473045042333,0.9146831454066227,0.41741288682923083,-0.2353119161515821,0.1442710675973819,0.2515087835676612,-0.5789812787512484,0.3417657829368767,-0.7146554941514031,0.38125030416950395,-1.8265959100747617,-0.443047664688305,-0.6260935813537494,1.1087806276865455,2.646177359287289,0.19930933111961716,1.117477315723475,0.6233673612810877,-1.247248536120015,0.09981126672040357,-0.3394868168951259,-0.15420476791860632,0.008742816870600297,0.7222716164722728,0.10368501035404787,0.07325774757643853,2.3188883499616444,-1.5484764781240596,0.20074858118141542,1.1404564798902,3.0741467032417464,1.3550945123882183,1.475857057309115,-0.2947557295914177,-0.2151719358101371,0.0513134414811552,-1.1108963578287263,-0.14912985295858047,-0.8915336535880162,-0.8143359648566377,0.7238473509314228
-0.5497683530148293,-1.090971218713598,0.2709317683223492,-0.3667550763113241,-1.2793113035685606,-2.3077882644196186,-0.545037294360498,0.48629408802004925,-0.4007169528409843,-2.0155767728461025,0.4338000365326094,0.1390265214816348,-1.1728137719009344,-0.004851791343592864,-0.006250495282756627,0.07996628459544755,0.3328302712425037,-0.8495589584487049,0.5249132525907968,-0.45203070892715874,0.7264748835024208,-0.6208640496302382,-0.6563432195360591,-0.7677772452859271,0.5947683310150774,-0.7949868211767749,-0.2790608922102221,-0.14676219272043856,0.09686350143852397,0.10605743153442297,0.32686541437677097,-0.7368335420734324,-0.07928262782363056,-1.4498098238383539,-0.12712456013419618,-0.45220954280779174,0.0014692581029876123,0.032382787724094024,0.25532161004673054,-1.3766415480159688,0.04000056554247592,-3.4610024365022936,-1.6850473817606217,-0.08440704093658319,-0.07038886077847772,-0.23343353028961505,-0.7615538863660455,-0.3291348531234815,-0.12214475245269991,-0.5782962997999439,-1.955640048915506,0.1709991672851261,0.8850821767413733,-0.17271815203305427,0.3203414864307483,-0.1638094114968029,0.4529283888116639,-0.029599691114413493,-0.4705879748886636,-0.4509396867330048,-0.08341813738877567,-3.88270503842058,-2.391226371885267,-0.2515871184426001
0.28087693576741707,0.19943672375140625,0.9702522448234397,-0.6460498016930151,-0.7329829381397404,0.06299934117789074,-4.708189558438689,0.5841691448123948,-4.767658635080858,0.19786456013066317,0.8987363230994395,-0.3555012525012441,-0.21679250630181027,-0.19423938618542647,-0.12246542648436114,0.834947516535315,-0.906610262566039,-0.715330865287392,-2.28246387310693,-0.2695502286508553,1.253052341085845,-0.2568833878168815,0.2864213182052486,0.10493285624473678,0.6620299407238849,-0.27727461739115783,0.0832851562087298,-0.3311908932609635,-0.4426454863938699,0.39970780459257216,0.17938094843219057,-1.1251118595452296,-0.14602040812710504,-1.6041078968650306,-0.2838033780501686,-1.379399717234267,0.9829130688866916,1.3572912193719149,0.26526124301012316,-0.9058741075104206,-0.22654739867412377,1.1742761029810411,0.221535111162104,0.04798783898210313,-0.22141479003919895,-0.127359230680666,-1.4430152475440843,-0.3231705098979276,-0.05413902844583326,1.5148009555942585,0.09160257072012698,0.6449377078375357,0.8259617763888857,1.5724539127982073,1.4122318709752866,-0.18402763217838403,-0.4450548487378346,0.1016992406376455,-0.6738073035791784,-0.6856326039292276,-0.42963728498186693,-0.2399823183094755,-1.0387496059490733,-1.1962589725195139
1.292680613327513,-1.6694120239538743,0.8403475660935504,0.20473947319860358,0.3269879976303182,3.0580592618611218,1.055805467886803,0.6449642478586778,-1.6858445220203508,1.153842230380112,0.83637858990495,-3.029459343151627,0.37695088013559624,-0.3208791677875679,-0.4568530142207905,0.9147236177267701,-3.001072953664592,0.7416658918967804,-0.4232156637648251,0.11341969737523486,0.785534718191582,-2.1588850412698153,-0.5728571121670907,-0.7010669249530305,1.00192109977844,-0.02674908661217724,-0.3679071342922911,0.17337808681317607,-2.0917295397013476,-1.4967749129768555,-3.145810034007504,-0.006446636254112982,-0.7323706109492032,-1.0866654711746406,-0.619627129343568,0.49019261102519635,-0.6339541208244587,-1.6132388254823633,1.723983963177552,0.9037012334781338,-0.8079367427519595,1.3146114978794436,-0.1304880942074951,-0.022314330276950317,-0.002930405043875822,-1.2876613329835371,0.1214940627247969,0.05613687575740485,0.25625901058379785,2.199177206484745,1.2998224247129906,0.3155752300670607,-6.02388709722288,1.3991170686612655,1.2397023214325733,0.5036491082415137,-5.0304129859768665,-0.3426955365294343,-0.03356012865574547,0.7126744620112853,-0.23573863864635705,0.18619545131893483,1.0240457604094855,-1.2064730361113667
-1.7473375233699178,-0.8575252074160538,0.2570719881539319,0.049248182005324534,0.38223200057164924,0.63441839358967,0.06673302484798233,0.45853917806634925,0.6788871006268947,0.44303148548540905,0.5483256216664952,-0.9660551295437777,0.14583765275645488,-0.03850318456162104,0.09881131944915192,0.18165141599655693,-0.37738501506897126,0.16263055138952803,-0.5227609185751154,0.6198124451387005,0.7790229369072674,-0.3335030348010264,-0.7959510551470144,-0.6252333678050109,0.48300864675703925,-0.08682772789387086,-0.15448104619127243,-0.33184698304132243,0.7247463961924915,0.5659121983463855,-1.2269241672737714,-0.002783097942245193,0.08884603045598999,-0.6790831302005412,1.9421033306515352,0.2780254762582729,-0.43499268356913035,-0.4984207275788418,0.9043461310938676,0.10082880291211095,1.447788624308287,0.59172085291677,-0.03316469164071449,-0.35166089385286325,-0.07054592381507728,-0.44498527858950093,0.7716074506642262,-0.3813748315162369,-0.42691960928602574,0.03268582908489416,0.5972235904151969,0.550454083591977,1.8625541219407058,-0.6341940991881225,0.2047808938880602,0.30912227347186844,1.7610068140322455,-0.17433631781453912,0.43425119284622327,0.2440989979015515,0.4366915320326566,0.7127097465448192,-0.2799007956591213,1.6855682489577053
-0.11182919454010726,-0.5518052215224829,-0.49519585058123383,0.5103915397980273,-0.4248359852669197,-0.6962330454957807,0.4973157262732994,-0.25748889221937316,1.4258147763912024,-0.16911515412787229,0.025455927502635742,-0.0018616982607849303,-0.45460034831612145,-0.03944159455659897,-0.06748529685415894,-0.10053344635210729,0.5726637837838059,0.019437603208211415,-1.168955152506589,-0.6579726630717148,-0.16494239307623396,-0.30221267078899483,-0.27144851705071504,-0.659976970025899,-0.07809217947544826,-1.2903484558771254,-0.18849134301986128,-0.27580246495352584,-0.9241475913198488,-0.1822191525994422,-0.580681458693101,-0.7031786119849565,-0.1212544399303118,-0.5266349890107875,0.11754893131527443,0.6090992927534573,-0.6281314886930277,-1.2058211826243626,-0.13345024191876423,-0.5148488147286997,0.6390393733510529,-0.1014249260824222,-0.5743238181540572,-0.27689689455176963,0.09047426701640789,-0.8782636363183741,-0.49034280949986264,0.3173645837727087,-0.3287829864324336,-0.8113268533875639,-0.44359394594200713,-0.20363821585508302,1.5493905607141638,0.10073179926315065,-0.696788568169058,-0.2704248273563911,0.7094872042084218,-0.5464098191094705,-0.22013014213669851,0.5402539645700599,-0.13702852533113696,0.17413521857529332,-0.860161211798826,0.26343201810511485
-0.7630096925616061,-0.8847183326387554,1.391846439972101,-0.6938686435753928,0.39322770619693104,1.5292321182557298,-3.4601312386593275,1.1801405717983302,-3.996105681091455,3.005896821847955,0.7078520834125933,-2.5907134195036887,-1.2991902266043627,-0.3537548423183648,0.16227524543756217,0.23401979312496818,-0.18500759968708352,-0.36344053656492376,0.9795205468441918,0.17203649345610178,0.9825132824329912,0.047084434691963876,0.04289528835960464,0.1247622198656469,1.335205692615476,-0.1877139321986265,0.07845657704388415,-0.31124305734378493,0.16997992221561545,-0.9155730063643238,-3.492606076964455,0.6691530196268771,0.1631262794778273,-0.48638286460269153,1.3165513570620184,1.0133732771611947,-1.6775235157442034,-0.7037601859306792,0.7433100024975547,1.4704085197087742,-0.27727197139413867,1.5357415031675639,0.06691862071005894,-0.1742175360752828,-0.013105785890530386,0.09439279546306513,1.5988395055656666,-0.9864607606821219,-0.1061946075394158,0.8696273658367092,0.24951493701213198,0.9616394803735389,0.2223019371081638,0.2396862485018524,0.90047851866622,0.7184518295009813,-4.089146593438191,-0.11242103919485186,0.09519244527361018,-1.1474046730759,0.0447273643507141,-2.537258920862981,0.4370504336227151,1.8817816784560435
0.07072537424902631,-0.28655291258222393,0.3147420356470123,0.14737597299257502,-0.2650105073257442,-1.283121920727298,-1.598399125030998,0.4235737365958448,0.8303310640355119,-1.4444276785087253,0.2799956778408843,0.45774957673959316,-0.706184808517347,0.12178055806480292,0.3071682454590973,2.1651911405237607,0.5670711199445028,0.296554113497229,-0.6612564629674961,-0.020875758483534127,-0.12967903151728383,0.47158272406848745,-0.3284171766580188,-0.21524227098275434,0.10741891827243553,-0.87134470985245,0.022496718367054955,-0.16546375855438164,0.1012352521673772,0.3090050768436794,0.14094822697726292,0.14247286102783047,-0.536292964143064,-0.9050123744213353,0.20289715457923166,-0.2662934917868591,-0.883442065377344,2.125338877366225,0.007206351462618562,1.3224128753658366,0.5839609440171536,-0.6246472288756109,-0.38537511875279734,-0.10464707125424895,0.08313932193861441,-1.494319279596441,-0.9093205316074707,0.556037033678969,0.06666460961438245,0.1941944987361718,0.5765914406926766,0.027863464343148996,1.7733276650634398,2.403980177957172,-0.790870643983582,1.5714081150673342,-0.45967730139462804,-0.32758702307853976,-0.10495652683881701,0.03119894273065159,-0.019391495717004437,-0.6037770802622375,-0.48438658470170665,0.4986352923684316
-0.015609478520362617,-0.6178952315039616,0.022767237025479604,-0.666109941152513,-0.3635469583851346,-0.7377767503038648,0.4815271691664157,-0.02541079531867135,0.697250037091115,-0.0663284016086261,0.11730896699243369,0.35603269558109524,-0.35936750674345136,-0.1872468402669841,0.38456630958344457,-0.24976853719025702,0.24465205500655923,-0.5927080509856015,-1.1438673370131036,-0.09219817451088651,0.02161096097744087,0.16425211311641816,-0.652827413876122,-1.2522604971537665,0.07057142817010563,-0.7859186539835059,0.09363398936981959,-0.06853948972800726,0.5578291527982384,0.4493123817269695,0.10919758055764738,-0.4843350978342911,-0.28700372984031375,-0.495910113112313,0.7546478150751598,0.5043125579609015,-0.5925936663124035,-0.663759280201372,0.49103881463403615,-0.7609960725105014,1.415737547319499,-0.3678268617923664,-0.9130871387795925,0.1264914504719086,0.03874755501767348,-0.617827531707848,0.1215459287226382,-0.6288132595458954,-0.2714794554327336,-0.9648798505896443,-1.030316546371895,-0.0756108078429249,1.2867333222522348,-0.8443483658429012,-0.40419641062633427,-0.25067944015917837,0.8326509664035393,-0.4128580713841788,-0.41169676556147744,-0.8623645526568694,-0.06376122015164931,-0.07654093387957335,-0.8166062386529276,0.7462738675201637
0.4402307585429521,0.2724318074648066,0.5460069466918981,-0.512851453569034,0.5604396034075132,-1.8063838020960101,-1.0768427336317816,0.6111438708544297,-0.018499431260981993,-0.30443803372933637,0.5915653650670806,-1.0267343010817447,-1.3030196222162715,0.038979865575053736,-1.4350021817672696,0.8991316665879229,1.1335798078076589,-1.2346443566372258,-0.33236551642942785,-0.45120692226688314,0.8941980467007258,-0.4794264754887983,-0.12229986383350396,-0.12610362232377814,0.5371989714429913,0.19427509255227465,-0.05849862103236851,-0.3421194338086153,0.8793305518669092,0.23793209709243884,0.35684547927976495,0.5953685764184281,-0.24371117119332994,0.4736027671111971,1.5490658444331522,0.9276914497024006,-1.0282387323800897,0.7150670468628078,0.809257782698639,1.113385997549882,1.3250197241797996,-0.8654578500020986,0.2984917841884673,-0.07042429127846565,0.26496925031352786,-0.5031781607528978,0.6452714069719604,0.24887310417823327,0.23527961784612178,1.3193072684921454,1.9306822280611897,0.27141939320180164,-0.7564722276013104,1.4819974309284607,0.4886205608683362,1.0263288184369863,-0.19117366938496394,0.2804373965551566,-0.9342858409063418,-0.1988557248837967,0.14652609855454732,0.38911482336178826,2.85399537888886,0.33242845444406843
-1.011582494870368,-1.3808337352833033,-0.015413513294836825,-0.33941191193300985,-0.8841118306909028,-0.7143428264849965,-0.4789723769986365,-0.08217789393108828,0.023360917345780767,-0.26193821976381565,0.3560058475966524,0.020006701216300556,-1.7393112032094618,0.24096886092032307,-1.0064531315306924,1.1010927074806374,-0.1587066025513761,0.24134006421051937,-1.436428085186069,-1.9033167994066653,-0.01910275233236644,-0.30621746454791593,-0.31171765707563276,-0.6405021079688983,-0.027313033333531925,-0.8634158417926476,-0.1451815027260464,-0.349744402329735,-0.09685046943999455,0.02671973066889354,0.5090389125777284,-0.955780716866312,-0.08686623172011027,-0.46490348573416346,-1.1031991592492945,-0.035016265952948135,-0.04979874775814769,1.8042985947486607,0.12071959062209042,-1.1375281401518746,-0.32745668692089464,-0.040588588652995215,-1.2421208207478445,-0.4004790891934594,-0.07228855094942198,-0.7083696571136442,-0.6807910083996024,0.4741505013524257,0.2035010023470384,-0.7924719512726199,-0.2069140759575891,-0.4559890087998225,0.8206926691695993,0.7702854044244106,-0.2520333815068963,-1.0521106134514446,-0.36129463916351606,-0.4019078073010556,-0.2082934687562054,-0.38788106422446034,-0.16769662685416062,-0.947093764920011,-1.512996675327448,-0.4183552933053177
-0.22385186348755376,0.33107322981292453,0.17749841015512063,0.1670035870740631,-0.6619909567554884,-0.1267835438973428,-0.3899392820178835,0.11306403130949323,-0.2736393588978645,-0.5963608616868628,0.06366423012903001,0.3100071962463172,0.11786117098382327,-0.48408234404133843,-0.09035876219246684,-0.38089048325424696,-0.2932227620426698,-0.2747244624664367,0.26355075641697445,0.2377911745241256,0.49460301077181373,0.35771658750871627,-0.1131804341954636,-0.045147814582560356,0.09926481229220722,-0.5304911859907525,-0.1309670538492365,0.05905979656897003,0.22514367619447206,0.2415376577684545,0.03238464390766288,-0.12026597139191599,-0.15199751884003415,0.5609227470856597,0.2343881472944687,0.07300376439894057,0.15320866295778976,-0.10259847823206356,-0.03395791221769578,0.053985564975643434,-0.1030891991311965,0.23281636979115322,-0.2831657032178124,0.03883337588226612,-0.3937600406635085,0.11239069164846359,-0.35965757247774954,-0.2089985063708198,-0.5443340116077605,0.11898606934843442,0.22873576596860576,-0.1540819307814526,-0.002344392780995471,-0.5713878813549421,0.03084052943912296,-0.6103912010110594,0.1776616449639064,-0.07639149234069807,-0.3213670692360964,0.19109363650143138,0.1357315102814281,0.2894637426854039,-0.25698067511964345,0.2954344165446465
1.4230892163836082,1.1511653760506435,1.5120040889879365,0.3912895159182354,-0.15504082181492998,3.375737083516664,2.4726103584064845,1.5579580723998787,-1.02964630655828,1.8508477784073187,1.803421634722611,-5.051513884671184,0.49716316907420044,-0.31574814825802017,0.3631300196695728,1.8980973661904916,-2.9552874513445313,0.7267551015601164,0.878499415226385,-0.6944598244717487,1.9872544470762692,-0.7959847057909198,0.26660470136477515,0.5910638014661734,1.6760680701456125,1.9168842780330426,-0.2947338544306745,0.07754411376448872,-5.601767724911419,-2.693049405432318,-5.224750364738345,1.324054723527446,0.9696722199801401,1.3652270960248223,-3.4523344356684893,1.1130789557751037,-1.3344256242217565,1.5843208167516032,2.203746971385066,3.309927642839154,-0.9235346160383886,1.985700957632532,1.5235463320477278,0.25435072827600763,-0.08359529756737262,-0.009821825736011671,0.9117319720581544,1.1484351533657637,-0.06878631588002476,2.918014728778863,3.820162615087761,2.053613335408621,-9.997967018583665,2.4276016330856454,1.4195253136944619,0.18887957530266788,-8.851826404265054,0.26668628947545103,-0.7899458943635219,0.7206641509961412,0.08175115610505732,1.2641793386170117,2.3203547229233545,-3.2086167707888755
0.025710591586876295,-1.4174848361799819,0.2509606986684124,-0.7251601474990055,-0.07996527200520796,-0.5555518192686473,0.14633168136983568,0.6184557595255642,-0.5559883390052468,-0.16118843098232902,0.5604318379848536,-3.1650157550028664,-0.7889872119647805,-0.265619682628446,-0.012705813462938694,-1.2074608658291688,-1.0354803065629317,-0.3026825221227045,-0.68932990862619,-3.183307479621475,0.33964039375280797,-4.2275997914240495,-0.1456124131090779,-0.7177482579569511,0.494158147743717,-0.9096047581651322,0.042452126582537754,-0.06768026680651304,-2.776747772285485,-3.8320221900814295,-5.844291343352976,-0.3510030027945172,-0.050253241420345436,-0.9974015230588821,-2.4473595354337787,0.20718704639837515,-0.7988812336896797,0.6465643272514321,0.4164066095049193,-0.3894763351316766,-1.1583122525555167,0.09340390337255844,-0.84116204605223,-0.1624126293050517,0.1353137644654662,-0.27177735640221085,0.3298840387712416,-2.315897036186419,0.0463367074646697,-0.875374812621889,-0.8965288241508151,0.22553308013207318,1.8513141560548685,-0.7272857842394873,0.05808896318172694,-0.17728347626553642,1.8776514222449818,-0.5908898477832255,0.0356146151869907,-1.6661434591476951,-0.10778036821693779,-0.2339366644762305,-1.3002118302846133,-2.2112050622379815
-1.556278942376581,0.020729480427657078,0.7969096300773352,0.8709545049418633,-0.2027922332335824,-0.3897977381628209,-2.599152163659688,0.47253755824386245,-0.6246334039800425,-0.2769900030884229,0.6022032486428514,0.05779841039761111,-0.22861906144528052,0.05655201260260903,-1.0213473226275145,0.975891488286528,-0.174515075587781,-0.11293526841517015,-1.0680411736178053,0.21762610949198133,0.6460651977818193,0.4881643542484389,-0.38937497997927983,0.7253949012025467,0.7439727188885408,-0.37701953836549534,0.2898170068275688,-0.0421550611176411,0.23141693321988477,-0.7324233357969846,-0.15046547028496404,0.2905244859033593,-0.18630372911034523,-2.15562306365285,-0.72486203178312,-2.5950506533602957,-1.0852667282030242,-0.6923471876659686,0.0929072391850568,0.4227723615846618,0.08803440625700786,-1.54111428973691,-0.9423678922220468,-0.4313998726121468,0.13129136114724396,-0.41436139434594355,-1.0799757905237028,-1.039823211498981,-0.49228307248598424,-0.11607743334149902,0.1792463251556879,0.42703648895261975,-1.6762784177589682,1.164427341005524,0.3625293285462735,-0.7183597109294276,0.388572090431832,-0.13581799535329547,-0.17850877138442073,0.6374616155909067,-0.09396726380388923,-2.6175872833962806,-1.3676583155023334,0.011724059166159598
-0.18275902182277254,-0.0727557019525885,-0.10705559821907314,-0.47024792601845844,-0.6299805313751948,0.12537087285381654,-0.7254433575014091,0.165182540869349,-0.3431246414683228,-0.5151677717004083,0.473274847821475,-0.11214989806789408,-0.5164245877381659,-0.2753577174899285,-0.7892718922324182,-0.6164192531055708,0.5022548967269821,-0.39732234913567,-0.9111644159556779,0.2574769554567688,0.1816133247373035,0.37099226819754094,-0.293663217814236,0.38629721122582195,0.138143127635451,-1.600963980784463,-0.14971071054024343,-0.15177346515918982,0.015792760493684707,0.04974514886893576,-0.01767892404401573,-0.3343275862478231,0.2762650807451819,-0.5168981577218691,0.437285171924088,-0.9741609710025014,-0.9709988932622557,-1.1760091026723476,0.5982266884453907,0.40421360316480986,0.8156736403208124,0.9821839022709492,-0.2672384145413332,-0.19270223363903607,-0.1913066670934164,0.7668247819914022,-0.16279929598332618,-2.140526293508265,-0.2311000412114897,-0.07937035754073526,0.14966921528629373,0.20809345442025765,0.08242125691523125,-0.9153549414215303,0.2250982009768946,-0.5389988581617206,-0.2691671204590182,0.4431743063271641,-0.8030925508178477,-0.18380880466279761,0.07941178721060056,0.8555241075455792,-0.8535931869806939,0.1092665003464913
2.079296099783981,-0.03282504306304285,1.0221905448837023,1.2390852187582684,-0.18407917098863924,-0.02917291982639167,-1.9279501840160906,0.9763467553702516,1.1877817027918671,0.3212912373961515,0.9895292080710106,-2.7254166593406084,-0.27147472413490525,-0.13702523771368377,-0.18680668596650177,1.3309676391667336,-1.8476144364458391,0.8324551587898791,1.6446665309181028,-1.9202296612000693,0.6698916571214751,-1.1485573472902662,0.23932963516724837,-0.5936839697063263,1.0634837518419007,-0.10181973008294876,-0.08961126199298827,-0.15595169664608355,-2.407920339223295,-0.9729920028508448,-4.323578118806189,-0.3525510648666103,0.3441097383155975,-0.12400520146781581,0.4795618330140329,0.562744667234476,-1.3536823584773647,2.102726989262842,0.7848276080741673,-0.2986472338255397,-4.698702572519893,-1.3697309163224192,-2.1250346267617664,-0.01619633247717709,-0.11657909954134632,-0.509820275085741,1.5317241502983614,1.0834089517154435,-0.05557684746249142,1.8390641128670444,-1.0373967816142962,0.7541413399301178,-0.21383229840532256,0.5247519543871999,0.6070581347298897,0.3601231397668175,0.033183377827670175,0.08496882567193959,0.4884917501266697,1.4773540508658198,-0.1520143858770746,-2.620630863889637,0.8292579019662508,-1.8002149321155922
0.6145409899301009,-0.7129023699140643,0.8549482222190106,1.4221654974565954,0.061884310157178254,1.298877955600165,0.6242395863541342,0.44699057205811993,-1.3443722593639131,0.6906712191893125,0.9526776845977705,-1.4121406536099694,0.16602733459096444,-0.202710987445968,-0.31232183841926187,0.35293575328145793,0.16005875528887642,0.17668765102878292,0.3219421273783215,-1.9455764307559267,0.499874819378627,-0.0879262616963995,-0.12943396706970023,1.3356096987154884,0.4933087345898566,-0.707214305335697,-0.07211698511748955,0.2661636727672821,-1.0182674812488226,0.06610787750287445,-1.295324412725883,0.36724453580567357,-0.5718240235563714,-1.4440445825186834,-0.2508994802324749,0.24180211666105267,-0.04022839946387775,1.6665830950370626,0.19736434940792125,0.5790225375424346,0.6498787861875898,0.9826132615316134,-0.8453367315139236,0.036173247944045354,-0.29894249414096097,-1.0317662032344634,-0.18602980582447273,1.7184482334870932,0.11456536898520094,0.8929561987705309,0.11983994314881391,0.20140809309819913,-1.4444974878874013,1.1286549582915255,0.45256032139919156,-0.2360308725682247,-2.2565763081346435,-0.27280893763108477,0.23696396759491614,0.836415896411993,0.13469732700870082,-0.7746184760144272,-0.6265910793324385,-1.5418900340880155
-0.6799500355461985,-0.09664349409926185,0.5317301405789793,-1.3743894657552616,-0.09005395301937319,0.9811018805772316,0.8586840257516348,0.5506856829940879,-2.5339696456079417,0.4443951348929302,0.44634480106073154,-1.160255839853484,-0.40203994447568575,-0.43501550001173317,0.13083165507895608,-0.3642538160278665,-2.1299561985715285,-0.019826998483588973,-0.052289872468549256,0.2810167495480295,0.6087751806523315,-1.500450400234143,0.05735220350393597,-0.5989174265032533,0.2764375148996426,0.007867778071081674,0.07902212688533472,-0.010827844055118264,-0.40200380550004083,-3.284405074950926,-2.8402709470048237,0.5068856093378434,-0.07261528691560058,-0.23997168264160132,-0.49797236496523867,0.5445116798380916,-3.070147927138739,-5.12965704581757,0.5634030800019233,0.21129435829339321,-4.468076212280082,1.0244948759773966,-0.09080708888432545,-0.1456765202192004,-0.26422375809606086,-0.14038278193104037,-1.1253088731958558,-3.255078475816691,-0.14288622993685082,0.7543366135925332,0.4417795527129719,0.34104666032522624,0.36003073802631896,0.018126137419933235,-0.3427212459404965,-0.42202117834415476,0.018363266102273602,-0.5405469334291696,-0.22998108874836048,0.02125735013072185,0.05941048973464794,0.6653422195806881,0.3775117833028359,-0.7356982992079601
-1.4975027757551316,-0.9369497773587524,-0.008311242648029444,-0.27648450660144996,-0.2567168568590071,-1.2518519097656582,0.5398183028785005,0.18131853306628906,0.6152440937789233,-0.6701255584296413,-0.2758752775276939,-0.07066854480154315,-0.7830286763430536,-0.081983279873137,-0.8111988582997275,0.4903466162087433,-0.10826431406845545,-1.893113218053798,-0.48422205515200006,-0.9582642282237034,-0.2035322000807241,0.028900136041200945,-0.32841085322957125,-0.4551406314148017,0.25821742941108555,-1.2047643618792645,-0.028579489296858406,-0.16604895868717964,-0.30645579960152514,0.34109389023302666,-0.19630576959343066,-0.32695772198734857,-0.16539655189464753,-0.7348807606981234,-0.2932687491968362,-0.01913143986734055,0.18071181451456325,-0.4354448299210831,-0.43019878138489653,-1.886206930059203,0.3606163069562739,-0.741660933651502,-0.3166472936081165,-0.38758626478663366,-0.40723415514850836,-0.14741651224166052,-1.1232159875071577,0.1847354533415796,-0.0343970404325911,-3.6691138930579554,-2.917687933097803,-0.1809570646693736,0.16971094880190335,-0.7080351036104369,-0.21436265867252094,-0.6169520321017107,0.8398454153331324,-0.36681537870242004,-0.8677822882708018,-0.17262186742552632,-0.04987690315904829,-1.163272389518569,-1.8650189746306483,-0.23093644410019348
-0.7859465724148311,0.5753460722211495,0.11984828498684161,-2.749055795704752,-0.41539539998397923,-0.8460820543880552,0.3453007404007285,0.35562013112393975,-1.3341348360145153,-0.059087592741658965,0.1882946938478011,-0.2075095017153725,0.21393067699464974,-0.38907553318161914,-0.696534271733005,0.45952568883814043,-1.821256856603629,-0.5604142842911096,-0.9725983894299232,-1.9491069714695481,0.6068605693580053,0.025435911110435257,0.27303053309693487,-1.3168028138258447,0.1574300561848835,-1.9098058533310875,-0.2664278217726734,-0.10803742136373416,0.5394559304048414,-1.8168559891076754,0.7261319932618402,-0.7225314597620968,0.2526574335722154,0.32940630653247005,-2.3678084785910944,-0.29883301628241776,-2.1910092819435625,-0.4340953659801415,0.318274979543715,-0.5316886799503092,-3.237997994577467,-0.09066865634736658,0.3108737684796642,0.19935679549815707,-0.027015121847470926,-0.19391837097313877,-0.6660548280209472,-2.8938696792134087,-0.19576111342235689,-0.9677534610365512,-0.1347601254824536,0.14527756454953164,-0.422842410807825,-1.5246097564040362,0.31134587598595276,-0.49139850925912565,1.37549826181641,0.19822218884094017,-0.1262671469412017,0.2887144427710626,0.09404909449731844,-0.3640416708044128,0.06623612107683328,-0.1461808371626998
0.04437068836180143,1.9685519135625704,1.1039317074209782,1.4459518201533148,-0.14538263509747035,0.9559194374395369,-2.626018413804504,0.970321096650871,2.1497573673366532,-0.16236331210658628,1.081702580109051,-2.8460020626626408,0.5561156569604047,0.15639832237233708,0.088992751339629,2.2788224116565376,-3.7156334941161844,0.0675387865876718,0.9857140180377207,-2.078047034446906,1.2024447244465064,-3.4751457032360102,-0.2585109361661821,1.0672870884842263,1.1820499834934532,1.288598990485411,0.4788664278203522,-0.1360926021981518,-4.021567192994241,-2.4299593665266093,-1.784753423567867,0.6898759899160803,0.9119387140629729,-0.7974463340189304,-3.405634023261606,0.9319766005650117,-3.44020470971009,2.2123738573443865,0.9760352362559122,0.03902788113538257,-3.1661917477398775,0.8493241045859313,1.734953556541698,0.14648493044059713,0.0560554060689052,1.3919258076984244,0.5105275912023853,2.188092424008771,0.059132563178919524,1.7950643219938864,-0.4253897212782373,0.8260471542380854,0.32589604721029364,1.219527025400696,1.34633878809494,-0.23502940982963144,0.5631853998170597,1.2016795002891478,0.29101802800680004,1.404103844843276,-0.22400519520953635,-0.5619634831332256,-0.27660575302058427,-2.657875922317545
0.1901639540804312,1.6901680475884475,0.11188846628492471,-0.10767646336204473,-0.19803156045722134,-0.25973322211050837,-1.0378500035320692,0.31421017832830545,-1.247286532818691,1.3312312033105775,0.5470241019803196,0.020012164088036563,0.4608936026892982,-0.05825564925282484,-0.005326630073295499,-0.4255148203888556,-1.938692164871457,-0.023197061471931197,1.906425102600305,-0.9591562558422883,0.4233636283287597,-0.2337449397560208,0.004116354792209251,-0.02073435641513318,0.0151308477630051,0.15515236607753488,0.05242595117109573,-0.21420087385737202,-1.1824758991671531,-1.7007543969998142,-1.8795689654829386,0.03913197389225974,-0.7546348018811135,2.2122066144824726,-1.1183834737898957,0.3972536892325181,-0.19607438563928792,1.602171530162065,0.670035895345588,1.3544239758646037,-1.194831217126934,0.5054340436945742,2.0480080665666134,-0.024044952172949018,0.21419060675486357,-0.024108631596569906,0.6754232743453875,-2.601695313247407,-0.1302055460711095,0.3231621586311237,2.7356619385849856,0.13153199609412788,-1.2982640541671076,0.4330648910784992,-0.015731943494039557,-0.19979847023256206,-1.8092477445085227,-0.5036103543200815,-1.3207111478947322,-0.2348097137513875,0.07019103785796658,1.139021368078307,1.0281577010552423,-1.0923900147377126
-1.202717270474236,0.16271048740136557,0.4167234679492599,-3.0845711945992584,-0.28172561633268844,0.6212913346674658,-1.2808513616195496,0.7000421324341778,-0.5238195678238466,-0.35090872866929534,0.6960802691749317,-1.1911774761641618,-0.714028399488229,-0.33413005036168164,-0.33560357310114447,-0.5714986836955621,-2.7431831892095775,-0.26848532411224957,0.035878706846025725,-0.0176724914415175,0.6312019734142511,0.370457642201596,0.17747286480691832,-0.725110181069743,0.4965163128997985,-0.6734278970479951,0.3529769065560251,0.08977739739864529,-1.378070227840207,-2.7295459377741484,-1.6758096838242746,-0.5991797538592607,-0.007522841060083761,0.45427883929119406,-4.3561591364901115,-0.318751578597414,-3.223708462535459,-1.552192414456757,0.6609795015251567,-0.08772742669447395,-0.202869500658013,1.86824133013263,0.6971824270463377,-0.3051474660023525,0.02221855261005989,0.8938616668854259,-0.492801607576609,-3.0896695760791535,-0.22606500323581372,-0.8507499324595623,0.834761368814109,0.33616532747622946,0.0522038696845949,-0.2834376056991003,0.024473598612369946,-0.7662297554005956,0.6603662055665023,-0.14295397114035258,-0.4535330416116244,-1.0660074992088655,0.09844169021012279,1.4536199936436316,-0.1955562194668607,-1.3644447560031965
-0.22945040875254977,-1.5771457550873305,0.027316656292119035,-0.18388434630907022,-0.028461351985930392,0.6262957286829334,0.19462418897596123,0.13063505436446118,-0.20990380706440856,-2.0095927202180794,0.3279356789002982,-0.003019894088022265,-0.5223861891581142,0.24673413174484998,-0.1277085274606174,1.2050769697189148,-0.22839253274139995,0.6277330961656693,1.125546286321892,-0.224412743099819,0.6332523839483455,-0.6543456604228484,-0.03901482915771641,-0.006041475792331342,0.5340948244200722,-0.05621814431860653,0.01211686341238882,-0.00143459296362996,-0.5881335407158027,-0.1175627113258694,-0.0755202110065717,-0.11137624818557523,-0.09143738639183947,-2.2418127788707225,0.5597993147324722,-0.24606372434136672,0.21367104035555762,0.31998036840020644,0.023448604134815632,0.4388123429124929,0.43311302950447733,0.35219279261539127,-0.19647767953855563,-0.05507262221883131,0.00753361863443327,-1.4688121934340916,0.7376133460937988,-0.21758803296763202,0.07596988549920879,-0.8248676264256432,-0.43067471938103613,-0.10828753207408467,-0.3978058410906423,0.8832109501989943,0.7141105419966036,-0.4266781670400008,0.2656919115257281,-0.30957132526882225,-0.7368359405831812,-0.39317275063200846,-0.09956455391406847,-0.6709550882018231,-0.3152295830745934,-0.5636862640586344
-1.2134929696470522,-0.9827635633928292,0.33703472059594297,-0.9025409168706473,-0.7635007740565796,-0.21806991264012757,-0.022639358999127775,0.5017441957629629,-0.25925700091314435,-2.442192065918396,0.23989645120748107,-0.131943723582802,-0.3297565224008949,-0.2667440617689627,-1.3670405280433822,-1.3600137481323622,-0.48655279160607534,-3.784210884392094,-1.1327081362831883,0.0513052350219582,0.47349746658043373,-0.15609799985512138,-0.00156070022161198,-0.39026202086409023,0.6099184796802706,-2.354176927846233,-0.06225265015598701,-0.24072116752941145,-0.12433226753689253,-0.42696645279844564,0.24660845213143237,-1.1663441888111366,0.1292361206897997,-0.6255085275716493,-0.3883278657906388,-1.3551912584183934,-0.06807302367981351,-0.14044988619448157,-0.16994337468294954,-1.2034084158918639,-0.47665609512548196,-0.3361998654361239,-0.8223382652654687,0.0479144101819649,-0.06254565911909465,0.027048046666645773,-3.550258427145917,-1.8489791232097008,-0.2189431781901904,-1.1803724284976356,-1.3833318957560314,0.056825139096582815,0.41332621343896786,-1.2986674350766252,0.007350905505706778,-2.3559896300976293,0.3791248863664965,-0.36790465699614794,-0.5311228201722539,-1.3248073031003007,0.03533755716667374,-0.13453888870039007,-2.0279421202478147,-0.33106568712650664
-1.2426621408601382,-0.022964485881243526,0.6491724335163287,-1.505287360248717,-0.5246396622652091,1.05191037604043,0.9509319615328753,0.8855709307267037,-7.172117894429016,0.45469314199836136,0.6960038475194897,-1.4990868766222132,-0.202675759763147,-0.07502237420643276,0.08519236958239892,-0.6776789719622667,-3.8395612826638237,0.09757742797554048,0.09152652019685922,0.282303139508194,0.7244990714435728,-2.2975683791502797,0.15829419081576906,-0.392253645996404,0.6910729041715543,-0.3190612116145788,-0.42518031774207315,-0.10396507771291591,-1.1043087299299676,-4.063166820524241,-2.8593585619036537,0.6583435098573733,0.3192382770073366,-0.41087288969268687,-2.0321982277347526,0.7450003744629576,-4.175883436190148,-3.505928705274731,0.3726152817382993,0.6491509470673038,-6.374864209045836,0.8298618524467185,0.34971978172567514,0.03906895874409562,0.06324030744911052,0.235744408710516,-0.9771413908052129,-2.1400564001492643,-0.19763360136424102,0.7499284912812219,0.2963823876227277,0.3296002096293049,0.46476466690609514,0.3936724545091432,0.23533503912971124,0.15568206608218935,0.611761700637285,-0.008310262680714425,-0.37310254570345697,-0.7762018559992068,-0.25266807721771567,0.8704348768414744,0.20632727908402573,-1.4076711829873967
-0.5786956594117854,-0.6769155762025852,-0.12082543622104588,-0.19632165428217002,-0.7644440870550294,-0.7499957167271406,0.1930887061285377,-0.01920283636912519,1.0488037561851913,-0.2467178995821229,-0.15604883333333247,-0.06767587443183194,-0.30548241164893564,-0.2253011274844167,-0.03389839792711647,-1.7410820216586695,0.05511829096797459,-0.9481142372298634,-1.5589009414255215,-0.5518944987534242,0.22828846640319034,-1.0322515889598016,0.03324012942540821,-0.19148600159414592,0.022443808752525864,-0.8528342235299005,-0.38236062331831067,-0.11207731766276842,0.09835272611035985,-0.12220650380002672,-0.44480119194580403,-0.2339509097125111,-0.032072785736678544,-0.4922594352836647,0.10859936607336036,-0.2899964231627028,0.49853894520382885,-2.0385451019282494,0.23503989929460742,-1.2273488896305107,-0.3027869304324688,0.10074555149969641,-1.0837316749544115,-0.5147222102317083,-0.2993610395104775,-0.1132428764700691,-1.6656170724956079,-1.328138685047227,0.04498322858173971,-1.4344115476131,-0.6200047598115799,0.05576851203733058,0.37331307698148725,-0.5491013263864863,-0.062385956555704766,-0.8113214415475384,0.3362772884913701,-0.17002408730481713,-0.7242317735846482,-0.2709413053515596,-0.06416965057152302,-0.11885891339049245,-1.432183517633966,0.1600222849181739
1.6007520887242264,-1.1196964219070102,0.21368388804644795,1.2612775835904408,0.24910175421959135,-0.607814766580505,-0.6205633713570186,0.4589861690294235,0.41174549461862137,1.03263147639343,0.37018728957374764,-3.3747608062654657,-0.6355819343537785,-0.21608089386702992,-0.16816558726150768,2.2364296467294302,-3.166180027969461,-0.7119341630911623,1.1245144522439288,-1.0356158135808076,0.27415366423041965,-0.6921422713994249,0.36232049794040594,0.045234578206921436,0.7166748162857334,-1.054707270912634,-0.22225167648703162,0.11278083830368868,-3.957851840964862,-0.6850987785530837,-5.036303062782962,0.647142854375337,0.7269209315719368,-0.6733720076882362,-1.2419198324667997,0.053706901741157984,-0.6824514668832189,1.0031218623983695,0.6094677941844147,-1.4346254333986719,0.49472075693735845,-0.21676466319010804,-1.731426996065343,0.11024441078402436,0.20630920011950885,-0.6931350878168928,0.9551154155117971,3.0852017615553455,-0.12377835714305231,0.14808982187029793,-0.6198272712922277,0.014243275947436485,-1.9601779654917477,1.0428669907477364,0.07096409093289979,0.41768138279171774,-2.319921189287253,0.02787590708334597,0.1395861306562316,1.5119073319552114,0.12462451515769904,-0.5198390177613463,-0.8366920748306688,-1.281865162766816
0.12364614944192229,-1.9085073660559655,-0.05312072026416793,-1.219364461067587,-0.25310361847332474,-0.3791486103511044,0.35070069113881064,-0.13823905966087965,-3.0669557398544964,0.007042609425290262,-0.030649541175457474,-1.0026268379111174,-0.026973401339664967,0.175143835250193,0.00845648477682993,-0.547246320441475,0.10124515930244717,-0.6024390517875862,-0.588106599311466,-1.5414273582616866,-0.31736948894159084,0.12148604343872177,-0.204698114455462,-0.14014869464858126,0.3469537556085384,-1.5322543546085563,0.0032422731640122633,0.0868087464414095,-0.21062585461124286,0.4551341961173915,-0.21621696272520094,-0.07205270989658602,-0.4245419440862748,-1.4160108028416398,-0.7555910804746229,-0.3117954217783324,-0.220796436838801,1.2724981649573093,-0.08207937680126254,-0.3231930134216568,-3.347050542375447,-0.793330515734565,-1.5133697444251486,0.001072761061732517,-0.007274739206558176,-0.7593085080383088,-1.5480919534005573,0.3136168010588977,-0.323479452220082,-0.37328096771211694,-1.2200046960479702,-0.1913942888765673,0.7342744536446951,0.13272024359407525,-0.35498976736139076,0.6055174621703499,0.6424848938917671,-0.33679742945471375,-0.045860815291594435,-1.607581058125869,-0.0827205209988565,-0.6623458796477701,-1.4504186696183685,-0.8185313223307349
-2.107595639943491,0.9633701364515903,1.3495997024094417,-2.363626915448816,-0.706358781903962,0.939388586294553,-0.29359455546892876,1.0242073542904284,0.16742652174543668,0.5366515133367605,0.7155557279776008,0.2591557332851727,1.5410806782103963,-0.06187034341998226,-0.8770449874766582,-0.388840908747495,-1.077654312544062,0.5605487857186138,0.9877183093445754,2.7534026724944622,0.7861051426082947,-0.8065070639744587,0.04052417097373871,0.23797847028848831,0.6466478560286919,0.07512686171577004,-0.14301577352580322,0.07615002046736545,0.35087977392321607,0.5804416823389144,0.6679704094215547,0.8619954651510324,0.2660588225836052,0.6819140549848287,0.9544074124311712,-0.6223368282872173,0.9215985056546352,0.06718674592742703,0.6131103008918942,2.8643909701797616,-0.23994446114135293,1.6518438319871305,1.4607231779934207,0.3595050219050023,0.05274426146321107,1.352499213846154,-0.04793181514585531,-3.2463790946763837,-0.044445349777151116,0.6249347963051538,3.115819083851387,1.186058928311805,-4.483804937862153,-0.08108872882504191,-0.26914259009011543,-0.6117606587651367,-3.6135775936683125,0.23821038771833358,-0.3901673741557275,0.5546937797236183,-0.10891364911894609,1.361133997285545,0.7261331062906046,1.0013191088075017
0.33980552253576995,0.07991429645839285,0.8683935207571245,0.974250326280538,-0.22117916619544614,1.3288051554054585,-0.9443414706339045,1.02197876005471,1.455323495771288,-0.5790234926911298,0.9442543646417892,-0.4933511036416833,0.2562061282326392,-0.34384497628427235,-0.5717331457577292,0.6602818043887619,0.1406127264659352,-0.14753996737466477,-0.21968359933678663,-0.6256887341245515,0.9723812695165378,-0.013179102480126574,0.03965765614769366,1.0604076003341,0.818081665380072,-0.8777771984042321,0.07123338949024788,0.03208025107242679,-0.19334252026519091,-0.5013875104463866,-0.19890735409738686,0.8586590264873815,-0.28980727185630883,-1.9337442714916204,1.555509779107482,-1.7900146429287411,-0.5229882036565161,0.4894901716357143,0.08203372931220483,-0.6676165456152842,-0.593166090627207,1.36139205959322,0.9742993803003483,-0.44396106992070294,-0.36779908420043145,-0.8849117934025656,-0.5316776040066857,1.0536728349223274,-0.05321043239163092,0.8236926901946036,0.7458973644793905,0.9273956582473764,-3.467001237964328,1.0744932490363936,0.6909982862153172,-0.8739284473469604,-3.0894412581210995,-0.09489446159335971,-0.6174674869750428,1.2361522924927038,-0.07638979288360903,1.565873789013528,-0.9081910366495741,0.45318130959829955
0.01846341615765786,0.49670843845764323,0.03589206372902711,2.3284463918663016,-0.17268248314065957,0.22725606676139884,-0.9446108476582943,0.2363856763546502,-1.0117553735850926,-0.19045726071578792,0.1913559960977079,-1.6967804050539175,-0.19053466488877793,0.341168824518119,-0.071551118297657,0.4052098617849283,-0.32326688625152755,0.15652253143194128,0.7615239221848139,-2.8928966598391592,0.2641394411645586,-0.4356758022494246,-0.06710625141274207,0.07353133015781242,0.27741125220622603,-0.17984072609965934,0.05773760821768726,0.02131763011963333,-1.7497896816355378,0.36958992422618636,-0.37161885371493203,-0.04164741396925615,-0.4284679862223053,-2.3029733326562756,-1.1976858046834116,-0.29481874786602574,0.8722299795714313,0.5512358096924624,-0.379160953938815,0.18357030761842835,0.4289014363606563,0.6808390264518849,0.5248625232794202,-0.0035220051379070264,-0.3110978416725494,0.04721839419584967,0.21921305521326906,0.9117695142480416,-0.27061691676124955,1.2870381210605393,0.0721152300442308,0.08548359984327593,1.9602004511473787,0.3980357187073654,-0.5075026564929171,0.45567036636626157,0.4128446107084041,-0.37052326131865243,-0.14589438008726582,1.5677650548939983,-0.011782801979180215,-0.8742674439914342,0.17662659278118426,-1.6910452494040122
0.9063909885670851,-0.9923013880009453,0.41313562502389795,-0.5387866997412205,-0.06889932700125742,0.8873965353818577,-4.460434478674854,1.1992872238943042,-2.19003824205774,2.41210781880493,0.8270115551902826,-1.0659458050451796,-0.33851869527795714,0.034686711648617974,0.28194973428357734,0.9557881303945185,0.940032976959197,-0.3082302868148976,-0.01836556577363041,-0.5279693171927121,1.0923293791529713,0.576718282942453,0.06396354158070404,0.08168164875985837,1.1823595561893636,0.2817976030573126,0.0015676081213443578,-0.39909939207520845,1.0029773556923973,1.2165581626402966,0.8620034248567492,0.8149474854733663,-0.19262089731249113,-0.41130113913719396,1.709191108878367,1.0150042621698228,0.06995271573194985,1.7945594448332338,1.263932531634085,0.4337484678753653,0.791633480855146,0.9325170613025393,0.7688615592216947,0.06668879703710659,-0.3112240376910169,-0.02921443393646764,0.6956431622138965,-0.33881358395880834,-0.29959506287019755,1.7685209966316207,-1.2404042304795517,1.018491350706392,1.4826645547060462,1.5294581092177528,0.8731940012685246,1.0843658567421595,-1.1601334752226815,-0.05632104810502097,0.04473675075218871,-0.5383297493325518,0.3112971840612537,-0.7333924225776872,-0.18659835693694823,1.3200021654226082
-0.7342200143306773,-0.6129028548174649,0.28939942819648307,-0.5234936750922453,-0.7565636627804644,-2.472881903404264,-0.820469834195957,0.5071737093370765,-0.1769786691398135,-1.6974372540640617,0.15712482978768094,0.24219640016905641,-0.8576666623023081,-0.2775193990919447,-0.9383176849017524,-0.16091003599865605,-0.1764646216562422,-0.35772239767086694,-0.4851057675062938,1.2567702053415384,0.4695650456427168,0.11000987286002256,-0.005421365440205681,-0.36109259585911907,0.5501730128001726,-1.1352656687489595,-0.17824915365498453,-0.08545007183533423,-0.39065569642507075,0.16749569814808868,0.0911227818338871,-1.0846465207330171,-0.11702604986798108,-1.14237224750846,-0.44185159068356766,-0.7024874930556775,-0.08937819798698404,0.8379419576835403,0.4468450947055082,-0.34859308361478136,0.39939430168562556,-3.43182037547299,-2.6252112856953285,0.20758684455444465,0.09884059036183317,-0.09098589367192605,-2.3911874054930826,-0.22282702614939714,0.14559256096060055,-0.3473737020030249,-0.47096389814342854,-0.1280470089028464,0.7997607972500045,-0.6018422838012998,0.5502433099672237,-0.6301218848563883,0.5523595725012086,-0.36321896128017,-0.3519458333511358,-0.854210036345722,-0.22914048945239776,-2.788058535980625,-1.5683903052129398,-0.08190344678725227
-0.29263533675330755,-0.6230464886633246,0.5194466879288484,-0.1473274340364915,-0.24708587604936827,-2.6967900196577803,-4.8154731453575765,0.43011061307843496,0.36370175099519453,-2.3905924903265965,0.5448714195339156,-3.314163798444208,-0.3885671418500771,-0.13228929860564637,-0.4229710733204405,0.8775847437777476,-1.3505891486424046,-0.8597683587513998,-0.8639671887910587,-0.7507247831082052,0.6520596712325502,-0.21034324773450522,-0.022895572840410713,-0.90178665509305,0.6726816822504539,0.02452636650575973,-0.29096422485331846,0.5204845984480015,-1.8565047893606046,-0.9992994660314978,-0.6110473665522748,-0.27758135038041853,-0.2559372399716008,-1.13866626760882,-2.051052364971649,0.1238347734843643,-0.6056617880525395,0.6152650323577146,0.5634559325867394,-1.3448600806557636,-1.8502397214160868,-3.5642020289306404,-1.1635025273573893,-0.1518449352704167,-0.45522861991429864,-0.057163924223293014,-1.0289934201822817,-0.33139522309257413,0.03346893338162815,1.3355115786595713,-0.7143124767667314,0.22359735342152526,0.860433854007939,0.8416180714621739,0.7042766900223324,0.0013215270565395199,0.5498317388870373,0.30840036333675164,0.08633922690477677,0.15884537930273668,0.028599181106367326,-2.2377298467575173,-0.4678161167303292,-3.616632581440228
0.07045814102339956,-2.393015440177483,-0.1357947141716423,-1.3387591553360303,-0.4056512730307433,-2.142282867946457,0.1733559279906546,0.03787382102234785,-3.2642939690609456,-1.9647827688203432,-0.07865050965400731,-1.0753909840725686,0.011911235733084662,0.056258849810952936,-0.4774053487897605,-0.4504143248254791,0.15451270104726336,-0.26388799883116126,-1.0176490081824632,0.346250159605063,-0.07293562549801832,0.9384969221377171,-0.02932020568679851,0.0710727475370445,0.02802051761952941,-0.6861883230132032,0.047491863946321516,-0.05249901692953838,-0.00766580364073458,-0.053785508925917734,-1.1071330955881078,-0.31648335143562456,-0.346072451407443,-1.1066772711399109,-0.22539457793795953,-0.42170306419215514,0.2505182165877154,0.5970398344761934,-0.11385000269714958,-0.30666498224837485,-4.017297003565423,-1.5085162613776797,-0.7690887388313908,-0.23929308910781039,0.03362228734076592,-0.3154114501517661,-0.4319461159926587,-1.1744603543011618,0.03601384525620374,-0.5782567803874709,-1.6559274977093095,-0.04054562046536538,0.5775043715310728,-0.8408703505424262,0.37638417193525825,-0.7646284028149832,-0.03837201033030484,0.08542575836618856,-0.2005387530021225,-2.0599271858167816,-0.2794293582214777,-1.3459100592108166,-1.7745649869030917,-0.642484136662377
-1.8574820204104854,0.5196292686092113,0.7610143435196449,-0.07070575531562931,0.14519078520656614,-0.30381437176814613,0.4605366437935012,0.8125243844503787,0.5527790154383123,1.0061418118591356,0.47614818179456897,0.28740874883708817,-1.0541254294037161,-0.2226392973733318,0.4425871224689695,0.6314957612340415,-0.15624134728599884,-1.8003557039155667,0.12498895842636543,-0.05858848653825586,0.7305431350650743,0.3450502478244195,0.0908242139212658,-0.6213217575690706,0.9823004616179419,-2.6332351371356744,-0.12764314380195715,-0.06945320907000029,-0.04390382004402043,0.18670532652168875,-0.1064527239011827,-1.5809236787267116,-0.32517753978379604,0.5495166108943622,0.025488724211057735,-0.3407022391830134,-0.15884736397779542,-0.013215116804482056,-0.16497471449577228,-0.36672894760579383,0.418755459636518,0.3349063605107286,-0.20478336939651592,-0.09053189076348035,-0.35308172976419516,-0.4967402335461783,-2.055334623400058,0.5499258915044488,0.12630434435560503,-1.9127274554744689,-1.167888529896102,0.2874104514061595,0.7550511600394517,-0.5329754500010987,0.4405849854921691,0.7394793759272265,0.33196418911177694,-0.12761986691670393,-1.0691543776883086,-0.11796316606778573,-0.17998192457339954,0.5324392819297566,-0.9080538641334505,-0.030265809268881352
2.031007675489602,1.1842697123827348,0.9034854378029237,1.5021007068635879,-0.04895800385169417,0.6123974357509425,-5.981463360242131,0.30693645087578264,0.6113303782458803,0.05222363567866566,0.905434994463986,-3.036438481956779,0.6733087304191886,-0.025058615939354087,-0.16459762018576993,2.5626711926531702,-1.5443372316312944,0.5788502739938048,0.9568977138469373,-2.865871890459041,0.48292387930867753,-0.34028494083977884,0.0015240373324069475,0.8459691685883113,0.40137821504142107,1.3833794225968867,-0.10269197520907682,0.20957325225834492,-1.048238192378952,-1.6633597971594978,-2.2878852760453845,2.0516390953567174,0.5782609698012681,-0.5611385828661913,-1.4574341853766257,0.1081108627038498,-0.10707335488521966,4.292741709861487,1.1327929748415724,-0.19028268135987497,0.5097096516470089,1.0866520528004264,1.3515072261002459,-0.1285491227968956,-0.015205100560739343,0.12318401250434438,-1.0081919413852696,1.7400668022585257,-0.05598117419747822,1.3074429675194068,-0.029353966773422585,0.29842683470596215,-0.5401481882448267,4.533159945142646,0.2017963782836429,-5.214013322671538E-4,-2.2574432618994065,0.993674977906741,0.2174623859733258,1.5148498214704136,0.07590434360223851,0.3404319335514602,0.9282261463642852,-2.07553914502766
-3.0074462939010083,0.09139008672628254,3.29824167610046,-1.4279041914998438,-0.18768092232289071,2.950949571504384,1.0118310804442923,3.6073328271406515,-2.572152638442371,0.943989940455413,3.7490767578073814,-0.42204873477700205,1.1970236334379845,0.054792550422528175,-0.09901102973299093,-0.8722009617307868,-1.8798062331203342,0.5716473798471974,0.5804742960639481,1.4611691116003231,3.3874584173690945,1.0536181583553157,0.4666860326238693,2.709486046980955,3.2357004634866913,-1.51511550230005,0.21012946857008827,0.17942335480890462,-0.5449355252050072,0.2879617697838886,-0.7776976728917713,2.539045899071753,0.9208203263636029,0.5597455272872692,2.31997479292648,-0.739062381332136,1.4801324752172085,1.9000361185130794,1.6797643778285714,4.627624705890588,1.3695961065826519,2.2143778630652684,1.06914544098281,0.011135630078597551,-0.03165390249875566,2.0551517259052723,0.59076898929544,-1.925995079454759,0.11116376785402697,4.127815175010386,3.18360716787127,3.553893312460626,-15.610495702313443,1.9854877747943933,1.8853012323238267,-0.5622263300974479,-14.415687997872219,0.3703767749568899,0.7627743005166688,-1.1458187652787877,-0.08389178741834834,1.485793985483803,0.9207983894067842,0.8900087909609393
-1.362606781231986,-2.0459677274135823,1.4777432425003618,-2.2922289810625163,-0.03157413052097503,0.22666347043177498,-2.9739964531447423,0.9427945615769714,-7.473489335133259,0.05665919234805105,0.8995000592896225,-1.5138899875168808,-0.6876347585873382,-0.42014914228367617,-0.6931396309981342,0.7668140978951152,-0.3681426561748136,-0.557560488538149,0.8457042478776092,0.40386723227979815,1.460717967972301,0.46043024644109026,-0.20524449994883937,-0.3314349641913292,1.427314730152425,0.2956309466414664,-0.11956324458195014,-0.08019301613996797,0.42989836228547346,0.21981437767549258,-0.047216505773698146,-0.6431479714046734,0.08527639308431116,-0.35043541799412786,1.1131622194385247,1.3878082413023969,-1.4888849642538025,0.06076072480236217,0.33039393288830077,0.8756156434908671,-3.491386378753743,-0.7811462123154527,-0.3403634776188148,0.24570856096400776,0.0763785506019929,-1.0156810138320753,0.7030431939546196,-1.2618840044915707,-0.04772226341584077,2.0142979275557438,-0.27634186120475945,0.9317552276414275,1.8392619217465622,0.9695680071756161,1.3784237881339039,-0.6516510738358352,-1.5195561857076376,-0.2636200042410937,0.5550645491598434,-1.1663948438488174,-0.03899759425501298,-0.4138426626520693,0.5084326075849849,-1.639589980355749
-0.248150477527831,0.22255220748536286,-0.18058823133157137,-2.522210406137239,-0.18748348308951976,1.4892553684052585,0.06777685496872794,0.4030673921637363,0.5788783594733958,1.2225364250649688,0.30207208842395716,-1.189311120602491,0.32316680720783375,-0.09004335517263004,0.12543426993499018,-0.3333117972545614,-2.111980890506411,-0.6828553301104819,0.33984603976464045,-1.2289168511699913,0.08043750127227076,-0.2600823950032552,-0.12717845185759846,-3.0336955904457477,0.06410667590668834,-0.6187245640180569,-0.17226561778563115,0.12556463423334396,-0.7854158767684425,-2.6387375001706457,-1.4389790165239156,-1.310486258234048,-0.48494240406439937,1.0673985311991918,-0.5247936396107371,0.4009807123264397,-1.1167383533902364,-0.9837238508221788,0.014820958371021674,0.1412652668857458,-0.5677008666713689,1.6549386573680993,0.3818093965212712,-0.10262408531539129,-0.08133920493723033,0.21923920675636058,-0.708484915209862,-1.896560487253111,-0.290007785514523,-0.6131552740308528,0.14193072278259694,-0.22387044157971994,0.041154077212790144,-0.0433664449260789,-0.6190969486814158,-0.9439804804339379,-0.3390334885749411,-0.6542170296023301,-1.21341280521996,-1.080680314815383,-0.2512109668356963,1.0997328365320225,0.14608767167663392,-1.0109097172960275
0.35655546316511644,-0.5178278002020971,-0.24071762933348662,0.10703040928719466,-0.054427433948006615,-1.726833118461015,0.27093369097836306,-0.06823812482707915,-1.5144575374261076,-0.22184547817699646,-0.16845170324291955,-0.6521339620788571,-1.137517756336336,-0.26365297096684465,-0.06805299095464157,1.4380188787900805,0.10884711203412828,-3.299081645787937,-0.31844733087069116,0.86248597787325,0.39379605549845637,1.0884538557461114,0.4077426846143258,-0.8190529786806227,0.3604284148079381,-0.10941934752689883,-0.13216355547487496,-0.25822078178561875,1.3647217847643063,-0.43670558035375345,0.4294550040230089,-1.1817243983788004,0.14378295021852688,0.006997814123900572,0.23571485271161505,0.26363982855928114,0.08129136859613526,2.6282846296548485,0.013537230566336217,-0.9756886667330362,-1.0299743587835721,-1.587122006783011,0.3236892315535471,0.1687174926242076,-0.1867913941486206,-0.1604704757775938,-1.526588661684841,-0.4080011699154656,-0.11178968697443334,0.3132064731535159,-2.1283865357856473,-0.4901248815806084,0.547516980551642,0.490292678931932,0.17040096953541348,-0.6587202374379264,-0.7708458867840501,0.4986549939494028,0.08389819947086999,-0.7340373636060281,-0.08618186552098582,-2.5884161875502336,0.4079585329861131,-0.10872847013657133
-1.9843816978859783,-0.25818631015120364,0.5167327875843253,-0.811623589058316,-0.7579688118094058,-0.06183924429832979,-1.389844441876949,0.4709007401118409,-0.21975309534762846,0.7970083818692322,0.17871765550752886,0.09332138290458294,-0.5148628905446788,-0.26847209752573004,-0.4765491686122098,-0.5997842340324206,-0.11143241466118217,-0.6951777769869655,-0.46876871075698895,-0.7912611558522069,0.23801589766111667,0.11446046801945911,-0.02103589140495415,-0.03110262385926964,0.5623394982319834,-1.4861198384321488,-0.3299048026976916,0.020429838016665564,-0.08798050873216255,-0.7158456296353713,-0.3158987261729102,-0.6225080898927405,-0.032507722169222104,-0.16701226640021535,-3.859925712661968,-0.6915852626665717,-0.42678434674352367,-2.6064796269975967,0.21399841571155412,-0.06605940203159656,-0.15109531301727475,0.5771779636809523,-0.27528398729658604,-0.11827284105947346,-0.1446103066734888,0.2886074695946883,-0.7204801417545003,-1.5477458964832747,-0.22029464701469542,-1.0785194674843899,-0.16798810672160855,0.6441604014655046,0.09063047297083174,-0.8978690441290544,-0.2710760364349871,-1.736713215822366,0.8516796984492329,-0.3010145324659225,-1.4666045193259682,-0.20509861385263448,-0.4922977945661929,0.9714901492413991,-0.6279556368944944,-0.2319556859379572
-0.1464619853438423,-0.7857258192304755,-0.24034974563352168,-0.7622888761013035,-0.20912243326576554,-0.27677364427531564,-0.5055916908232576,-0.20839380694093268,1.4204889286378442,0.04181073955874474,0.15680268619215254,0.16419977315342116,-0.6961923293747319,0.0860704361528241,0.3799594745249374,-0.0385592808927528,0.39001081521500053,-0.25514272847146335,-0.662115684884667,0.5809541954869263,0.12160025783690334,-0.5543620743306044,-0.5723092661155667,-1.2559511432091985,-0.16265938601697896,-0.5768692956038671,-0.17105356874340372,-0.24435561370510228,0.25807093591050984,0.27955249078695965,0.18282500480200403,-0.4722603168322315,-0.4266622993211899,-0.48725659206597066,0.04563961884997475,0.37451773411148837,-0.05102335200310813,-0.7656803215452915,-0.03817814138960445,-0.5651975966944033,0.6969646136435447,-0.11645407953809313,-0.8765291887881063,0.13024873450052474,-0.19784530947778609,-0.3808553116402795,-0.4957172566491166,-0.8891817090525223,-0.11225098379845702,-0.7371300409951183,-0.9010877700738784,-0.2527993067214059,0.8482637668266272,-0.5962583847590165,-0.2092591724105299,-0.5898130818276888,0.8628489951730546,0.21591610475661477,-0.4542391070766896,-1.0759736728159384,-0.38554722085101767,0.42976594635525167,-0.8561973487656853,0.24389855849705547
-3.919227724848978,0.88171833552969,0.5739859380987339,-4.549794419431741,-0.21372660628425957,1.942481101131005,0.7946661278647131,0.5197336592407851,-0.9991055911897916,2.2307685000893107,0.6185801552164623,-1.177686646010712,1.8384023484435865,0.18910929342941957,0.2141874128391949,-3.0981421609071513,-1.4460984745839245,0.28745368418084366,1.3267998750742236,0.10218463491468839,0.768801982160319,-0.5711593322758844,-0.07935967681530619,-1.8827936122062223,0.7858340705205077,-0.4226098550585249,-0.036343298083100085,-0.20649190446893564,-0.7618818600684722,-1.7662595772761516,-1.6606681258329277,-0.09692848087886027,-0.25332443329951604,0.6543725695306584,0.37514335196526827,0.3979505798050011,-0.16624932161729905,-5.315070717683376,0.6181890264837099,1.0161693016660063,-0.4268466658074198,1.6902650367855205,0.4860739323960125,-0.1959692924831191,-0.032106256005098956,-0.3025995868600106,-0.4842998265031176,-6.8236666371884995,-0.21128521415723506,0.6756570528714937,1.5266971749795533,-0.004111207129203366,-2.170011520393949,-1.247552259150465,0.0422513541155179,-0.1182604192213313,-0.6211912163241571,-0.6600925486627272,-0.6575807222686746,-1.516957627337194,0.05527081569360251,1.7323297942979166,1.3348898947468366,-0.8158696694685627
-0.40600149739227137,-2.5164043056483485,1.779468747292254,1.1576611429985262,-0.2040274697316962,1.8712938186016677,-2.2789438682270036,1.4836310785733764,-3.724002970912256,0.8331982559704458,0.7696733757141107,0.7323126806276323,0.1673785985470348,-0.1332627960143523,-0.8870471817917578,0.13570570433311932,0.11444012243201895,1.2500261564280988,0.10942150853212446,-1.089989150811487,1.5274167379076267,0.1475576349871403,-0.33275149135583687,1.7382273013458722,2.3023868652757673,-1.6618493995756802,0.07626141978612548,0.04705166839550683,0.05226258356430899,1.7441633275413402,1.1791716935484957,0.5151934792337326,0.21009960991575538,-2.8133518765570433,0.34725954483387006,-4.895471955662398,1.717842824745055,1.8246173812922466,-0.054039165179825384,0.8286365325260162,0.012846182355096016,-2.3035106489797097,-3.037048734291785,-0.27753034906867685,0.1791331825244832,-0.8732707968076083,0.31774630269074094,0.4363333551839745,-0.47210219556772215,-0.4959628081226127,0.5773005735761333,0.22696717279365855,-3.0822430384349753,-1.0510183999631735,1.745169560737676,-1.5181692342575146,-1.08675638843305,-0.7955791906306865,-0.2453238880517189,0.15949670547623948,0.09829727909036655,-3.5268602888971454,-1.46486116816176,-0.16969600537668497
0.012440625484307908,1.086510925898859,0.15748197491177301,-0.3857412566530597,-0.14112699073736387,0.466984239603307,-0.6857074799586609,0.18193313062713481,-0.15140216081035668,-0.9683623362887576,0.6593991506199451,-0.2238544882630241,0.06937646431443188,-0.09866510227569507,1.107936581464947,0.11300813595334841,-0.31156625037767516,-0.7424211254783619,0.9318458624579401,0.7729281900466182,0.34790980642340374,0.06506467892395917,-0.06392085749821705,-0.1352856119252488,0.029172332704285753,0.28779088769713923,-0.2731938754842984,-0.12193759064589647,-0.029311915416160364,-0.22916741704150212,0.35370086451891253,0.18979546237566414,-0.2970463431221723,1.2933349005312724,0.5378844450245241,0.75244887458679,0.3592677032677551,0.7927326879903093,0.21392942549129207,0.3870207080924981,0.03002589417531609,1.9538689426838414,0.9968140734268652,-0.24347298422818922,0.22914148843848792,0.17398702868653462,-0.14958064233328766,0.454949467817696,-0.3016616198476003,-0.13279181503048143,-0.15538589409744982,0.12982129900233677,0.4974947768238018,0.5003841979626864,0.06159003198596279,-0.08924411369686404,-0.3906209507135256,-0.4354997134485482,-1.6256372797723058,-0.22968936921779748,-0.01575389121307622,1.4756773983653453,0.5313628113404306,-0.3194969982159584
1.232019680809194,-1.4444832639367566,0.2855013841395787,0.31858606145173324,0.07901994165690705,-1.0588830692962918,-0.43836552829456904,0.4780902168014459,0.386924080983815,-1.652487504491471,0.2732044868905321,-0.7166362856318053,-1.8080073072784313,-0.1385817618056387,-0.7782786374332684,1.1990077196561642,-0.6948102347567122,1.8089979631284985,-0.23665119362341316,-0.5897649214790519,0.9756393459947309,-0.1931178460416404,-0.11202715555851801,-1.0209346837400923,0.4364300070592535,-0.050062260289805365,0.14825998039922064,0.1714355952618939,-1.1365697888856159,-0.2295658552437939,-0.7265259002359229,-0.27073003062714696,0.06061978616056042,-2.539539882948858,-0.7247453218502272,0.7681668822669857,-0.1223024901872186,1.150347482807461,0.9438912403525607,-2.156386305360972,0.6287424478581335,-2.243606010501351,-2.5145153418376824,-0.10818183349200787,-0.07477432533716485,-1.325241798537343,0.33144575353773104,0.47488946585681885,-0.15822929291718923,0.4838779532904125,-1.0808019885164706,-0.06575644358225534,0.5200412369952633,1.2919522997781694,0.3605079457794522,0.11973205977345658,0.5506103764241329,0.3207456351494351,-0.29845047396137486,0.3541545181813581,-0.6104917918124393,-3.0375594215038135,-2.007910646169229,-1.5031460759882993
0.24110649997612724,0.6960484436775987,1.281798435811946,0.6104892220567589,-0.0929788405894189,2.880167910222296,3.02992982274322,1.4644170229389661,-0.6507750115961449,1.3588670664871016,1.6367477384073228,-6.43478870894284,-0.7254333103745217,-0.06438131165723764,-0.5290900271291563,2.7289306057903477,-4.696775299296887,0.28702001627797763,0.4733199278759421,-1.6848966008954345,1.6427556366537726,-1.5103602995881318,-0.19293118222567224,-0.2056673752449804,1.3562989205731506,1.9367587112815103,-0.33407605410525604,-0.1292348441331016,-7.2020656473328115,-2.4317121169349285,-6.001448079431664,0.3050411676061126,0.1412751918165247,0.7094014990623447,-5.496884933937085,0.7550283957294861,-0.6302519055734613,1.1118584743658715,2.2529063937871063,2.5859198356071333,-1.885765405249693,2.4280725088983135,1.1918422740713643,-0.02969562733870235,-0.10876130089120675,-0.2722117631951448,0.9010561885751318,1.0109191673413689,0.3870196136392537,1.6050923867744369,2.447499645464866,1.022276639713685,-10.297917850213205,2.748037591868677,1.2969474676672195,0.9318384253581279,-10.056300300351362,0.547291345594724,-0.5519063911560564,0.2906753367328585,-0.4728923186815555,0.7938707689916772,1.888696821722989,-6.551520326126342
-1.7441130591732592,-0.6445079793969937,-0.233938316656635,-1.21003353573725,-0.3318451936562668,-1.0380033243461337,-0.7344625560132437,-0.2738440534555423,1.3932454126608158,-1.3560450423256796,0.18677674895975355,-0.04150244605539957,0.4606933119018035,0.019984265311992124,-0.5432794901367272,-0.788518180308787,-0.030546032653790234,-2.2400873079482224,-1.0577304356836894,-0.3422064184239222,-0.12838402888430295,-0.29313377897472526,-0.28448542689349354,-0.9024829109178226,0.13032526093957963,-0.33755957012234,-0.05674331020814744,-0.24100116523349466,0.5282303098849968,0.16564693179724718,-0.27073387685838696,-0.8173371899269097,-0.3591777738114965,-0.5281424677281539,1.038934597089327,-0.13874656866912824,-0.4331188812981096,-2.205124490770482,0.0676132393508077,-0.4383175643224896,0.8887302332934797,-0.7611309355192739,-1.7210493521879422,-0.06143639823968131,-0.10857624046176993,-0.8335670076930696,-0.8185312407183762,0.060554338844208244,-0.1064507167521916,-1.3807457936696674,-1.4954695435323446,0.11470244248412514,0.06876589191293887,-0.24327350899035866,-0.28652484799559647,-1.3774239204365202,0.9645599921683359,0.09688644099865812,-0.6292551997892818,-1.0033546618856473,-0.28605672173168095,-0.5073069297653637,-1.0799211190738447,-0.5089942352163668
-0.5263514962406847,-0.7421496295566311,0.7040775945421126,-0.5569286368708941,-0.1493768265940369,0.5208150028613622,-0.8068965575574354,0.2653497871330085,-0.9928838552892105,-0.7568422798583686,-0.033835128503512196,-0.35394222240166795,0.15778795459359543,0.12105773380532327,-0.4155848016183429,1.0912983739735145,-0.5307685904765024,1.4146522444295997,3.007646883628845,-1.4897034449703765,0.7948523638609555,0.10133046135928475,0.23730632813183558,-0.3164065270733157,0.7539454702021343,1.120745676893902,0.014310288432440404,0.2472876131032091,-0.5578683250397664,-0.5185698397731547,-0.06992429382615886,-0.8128764881688849,-0.27724358477231026,-2.6494025178545506,-0.9860221203006321,-1.4193356933766748,0.08687506096794052,0.5790904085789531,-0.09665609945883843,0.07005959919078637,0.7647865278931228,1.2687646596369326,0.524310408136028,-0.33239690711085534,0.15252966464546186,-0.8786261846629171,0.35944613426551625,0.3389525906482931,0.10589668531963956,-0.5002771314906616,0.11256850765518561,0.29800508854762436,0.06427770707205865,2.0670158276830706,1.4384372994820307,-0.3474369387977881,-0.1813382010122979,-0.2302704424571931,-0.5604730769656059,-0.42501577954242553,0.1384842797225302,-0.100994132059498,0.69891242477817,-0.967914386668017
2.684036201260454,-0.4613569178019432,0.31330831493349687,2.805254891923779,0.17668748312541477,0.27218609685272566,-3.803206868053268,0.32322779045040784,0.9166822819344701,0.7233871379089319,1.0800580231148988,-1.4839502003438483,1.0405726310229098,-0.06443549280519119,-0.2704730538776826,1.7283733691569523,0.38483438327452724,1.0123529315736581,1.2924114717843813,-1.7607225733277094,0.7739235921237063,-3.1816257236394434,-0.05792838633636092,0.4049107383340685,0.7174566254141037,-0.6310946968306673,0.16609361840953799,0.002394567600791749,-2.270159287836131,-1.335932495102957,-2.4752597766252764,0.3651102157932382,-0.19540967704543666,-1.5874293266718704,0.30461044446420404,-1.859489679165067,-1.4100402251840987,-0.5699111260300533,0.5052382451436366,2.701101993918525,1.0447455674107309,-0.47422237083425434,-0.04244687503183487,0.039454545566062406,0.1609953635151016,-0.2047608450079541,1.0605063448840228,2.0075452403435787,0.008036473790284172,1.9633005318441703,1.424702647147654,0.5792416832740112,-1.1781644723472458,1.4047372887318033,0.06806671475370284,0.10016030760560253,-0.930480516426255,0.25288400146135703,0.15527434637535195,2.8363585861766945,0.037824077229787305,-1.3254780939523358,0.6216009024215259,0.2835198416123735
-0.5039403585300555,-0.9399238294336968,0.09545124089775815,-2.217127418810113,-0.6131922470093523,-1.4454284205173158,-2.1736750292544897,0.303874570479261,-0.6940919118320678,-1.2590570017311198,0.3555655748530192,-0.22538043633904878,-0.8618955419261052,-0.021705880116814187,-0.2964150175081375,-0.4427210115501174,-0.9445806398100091,-1.0342558076658062,-0.7699855768941715,-0.335018706159784,0.25158616318811555,-0.1672448030128769,-0.5171858275017645,-1.2563508884971808,0.24519654052505466,-0.24535501200835216,-0.07088723739074207,-0.03127325100021096,-0.8354548057649847,0.2864332431160303,-0.19440374390803697,-0.5163187991771256,-0.13353225808706126,-0.9110653892641377,-1.1618551996358002,-0.5734110795604401,-0.012047005002061056,-0.618968108525121,0.3344403936120875,-1.7717834284748761,0.16215215772915173,-1.268303607035028,-3.000951678831657,0.10865374808454785,0.1302601069161016,-0.3806500748806077,-0.11929222274209013,-2.222148060163076,-0.030489153101952052,-0.6338068909433217,-2.505030491398523,-0.32152313882640304,0.2959742080114573,-0.6034965345826342,-0.034947075915476494,0.2723539736963785,0.5855752675174273,-0.3915460485781803,-0.23823191510755973,-2.439544113521809,-0.2648861710094761,-0.6960330394966239,-1.5065742142744685,-0.18953144730489704
-2.2218969726984996,-2.402858286754788,0.7543858628496327,0.16718724772513702,0.30822890669508834,1.426665797653794,0.7855767403711126,0.4482700150432973,-0.8526302583113397,1.313490875232255,0.6491104391549595,-1.620588998197211,0.06649938676193987,0.002742943067974708,-0.7475637683882496,0.37431058629088426,-0.8113955730580253,-0.11843654684359069,0.40851414391593305,-0.6405634518192194,0.6607711290078725,-0.5217356329173707,-0.10879568983315066,-0.006471337206815064,0.8782871262296985,0.7154898954475037,-0.07036546676203026,0.09418628409261719,-0.802746985147549,-0.31250109879959787,-1.9975382280856537,0.5120443768530886,0.08183822030865293,-2.449763698392814,-1.1468613759143573,0.44783996945538035,-1.2209260634467065,-1.1584302985390877,1.0322062119528643,1.238464778971522,-0.5230706335748203,0.473108926303305,-0.8985726446367152,0.01656059823189731,-0.07286294097868574,-1.4814257045148993,1.305698032234785,-1.178171401761227,-0.4620320215216936,1.7461771491139917,1.8558073511850042,0.3310028921611729,-4.643262471809943,0.744549073184372,1.2482670162556146,0.42400436652356904,-2.581783398205581,-0.416800328340686,0.5061758314874278,-0.7844025214769879,0.023779469398377596,-1.2892596236871383,1.1887846807384628,-0.22902863210992014
