-0.022202247198002397,-0.027859049656403324,-0.0314647555189707,-0.02857262306699104,-0.022479201804099173,0.028738925641134276,0.029669756221570483,-0.013966472350138953,0.027592276839905467,-0.0323443852201652,-0.028609721813576357,0.01710314108056483,-0.026640548913129027,0.0219977542023578,-0.03123298580268706,-0.030569081967800928,-0.037936761383753084,0.03245153774648884,0.029332802722919278,0.032425486324733944,-0.011161311237250678,0.02446017595894539,0.030727218555299494,-0.02639120851866657,-0.030257468879282514,-0.01950102783137464,0.012928927270357007,0.022183310003895434,-0.021507681223290765,0.02086520538074533,0.025409010873006708,0.02291060767526413
-0.019430663323190933,0.08632486884641676,0.17531152440747633,-0.1677070408189366,-0.16468874810910897,-0.03798882142895232,-0.031042788048089937,-0.19402767170361046,-0.07893375640035016,-0.09686862056755692,0.06823007226460882,0.07742422527955616,-0.07481486332205506,0.2367469253540558,-9.365983322047553E-4,-0.09679844781592241,0.18768983148010135,0.0718007739336338,0.06097594290861336,0.08352627684294725,7.46637688139509E-4,0.05101950042337664,-0.004604447997503778,-0.04467704498115506,0.005619679921479383,0.029507740556219905,0.020539425671500508,0.014845547344894426,-0.2053377453093564,-1.414753097772007E-4,-0.04292991229127836,0.0694771190383142
-0.04126834630546708,-0.011198711061347445,0.10064333017177006,0.010981228804359278,-0.11100693129409629,0.12488984679747224,0.06432754082650621,-0.1694206327180557,-0.15438637660569834,0.10050781179747659,-0.03355446952195909,-0.004413679044423357,0.05131114043981733,-0.018532226732829726,0.05983412726342555,-0.15050173181749887,0.046311532198807126,0.09637375192850224,0.046122132662072636,0.10571868524625877,-0.07638306094085338,0.19687767719105193,0.1931028376086097,0.05119476635890835,-0.11409391492402832,-0.011624351266085572,-0.049681772046387615,-0.09232651655546976,-0.12760666632608872,-0.13795321541224706,-0.08050245146086571,0.24509507569202366
-0.020873341933136648,-0.07059022779457809,0.01568981282571805,0.04632602112935832,0.1903516240888351,0.17856427832911173,0.057948380315647405,0.016346121724258807,-0.09851360813627823,0.20294589636509056,0.14215238696979413,0.2808522495917696,0.1939284701975797,-0.010898800129634989,-0.07084201642337166,-0.024387839259689258,-0.01154720931928217,-0.0010821169804046626,0.0961171810496576,-0.03305136519772236,0.0756598984033804,-0.02897210655374139,-0.07303341752268117,0.06532886109317265,-0.08738000290717608,0.023433906324685297,-0.09382286850455068,-0.07315432868734918,0.1495134822912674,0.002242440998138036,-0.06986867878342366,0.028604954816002184
-0.3096310681946577,-0.004836803556169281,-0.15412623079791926,0.008474095891218683,-0.07570009136844774,-0.04426584097637514,0.08796229606398642,-0.31143398394130806,-0.12603847418224168,0.1482266531371653,-0.0417810635105021,-0.019877373140918763,0.12200739569423709,0.021497125481191905,-0.05532447944652084,0.005423840082309782,0.020223587385863405,0.019357996501823092,0.2247588495413671,-0.0761866811724829,0.046947678317151985,0.04372599893288894,0.1525068188004119,-0.07336222726270085,0.04006354147909723,-0.004792441519215656,-0.16278382630955612,0.016613097873806104,-0.07017517937239953,0.035354951344190526,-0.08603815748232803,-0.011529684440200472
0.16050546872467827,-0.02032307513704691,-0.20311083351093698,0.11227033028553154,-0.11441031492320035,-0.07245617679254684,0.00909997669109031,0.027342784627901174,0.10617723113735972,-0.1342876049554743,-0.16700403303153505,-0.11732777674681909,0.016111171041095364,-0.08435641807068586,-0.0753285069009646,0.022259396573368097,-0.0445017033913861,0.0017948622268171184,-0.13027605765032382,0.05492002408527942,-0.1087330429181252,0.2012804662554389,-0.10432625500108458,0.12180318275873478,0.23206008392121097,0.11943452415969699,0.08429357229191473,-0.03734910824421825,0.06622409161407534,0.08233698389214987,0.0027521605781401387,0.03418917407308512
-0.08449853357400365,0.15285465918308375,-0.2596172380294572,0.19344654893456956,0.04757947808602526,0.0030207009379254993,-0.08794395776682352,0.013377865568437593,0.13883539817892387,0.0635445362149767,-0.0731596851387006,0.2177717502967109,-0.14022274238439025,-0.004575579215084457,-0.09077639877956724,0.022911735761838446,-0.05800336139230007,-0.047136875566350545,-0.20192924602326498,0.017415805763754906,0.029095479890868536,-0.08061359164307554,0.0564922886331456,0.15830889032283565,-0.07286144101907788,-0.009912640026799075,-0.07543014892770984,0.01574152863416758,-0.022668686607502157,0.22881647369542446,0.11366923378984767,0.16342373154801382
0.04120458853535306,0.06920851385479908,0.005126334716358148,0.013378445381850571,-0.1406391272681267,-0.18755030155558106,-0.12989790003393498,-0.041789191451982045,0.2631004208563026,0.1996769164219656,0.1979354787807937,-0.02580554685532538,0.15107927970706014,-0.17449111571340606,-0.17926358178740492,-0.06969260128255877,-0.19156930909404551,-0.09834232143123928,-0.014183643431303837,0.032983116375778804,-0.046168109359769435,0.10993768399516368,0.07589175399251367,0.2184760455392443,0.003605900754966417,-0.00621002767487233,-0.03444005421014423,0.0679005968773726,-0.07744517960027228,0.11269774354031181,-0.006604095122715989,-0.03877825608330365
0.037520423082571745,-0.06512126755206886,-0.2186029538403102,-0.04192412177781949,-0.04953699590081018,-0.03017946777068687,0.018403510062260382,-0.009969919361495841,0.009142242709122153,0.030882431669083783,-0.0834834042355782,-0.10145219789525951,0.0898051872333323,0.1531086140921277,0.006252254873550375,-0.09203840830686844,-0.2948527085625549,0.08750680470369947,0.10619353042189748,0.05007938108756964,0.027339087029302704,0.03130823865337863,-0.06306350721188632,-0.003044298442811606,0.04442066126790212,0.0472870816071546,-0.05030589296688951,-0.119818203946393,0.04660021726726158,0.1621572902327009,-0.03871429843626015,0.12307838106848966
-0.10825847051714443,-0.03604385466323539,-0.19931919484820726,-0.1728614238222513,-0.011939543242234802,0.01584981616784099,-0.15741159809938104,-0.01848901207708172,0.12731446998110446,0.07351459854831426,-0.12820689054222778,0.04519929336009094,-0.03057337060192476,-0.011710917364680152,-0.08646596004213403,0.0332954672556877,-0.10742819171591021,0.13809454737973126,-0.13454146071790818,0.028752406836495614,-0.13292718873286793,0.23952046056153795,0.10129392186346817,-0.10009106207836266,-0.3821344874461604,0.070145780011816,0.1220171201969048,-0.06842484107286406,0.08431173644123148,0.12728711220534916,0.1498449977363009,-0.07423371440993623
0.05491750281109363,0.020062616522477022,-0.017383557307762948,0.2567227451783706,0.06437116932885205,-0.02729066748087024,0.02002323614212284,0.1430089367602036,-0.15684369559858832,-0.15345544218404034,0.15956416693212644,-0.03134561942095858,0.11752840613413751,-0.008449979306063313,0.06002398997632322,-0.1706229729588552,-0.2807566493066776,-0.22143723120110678,0.015037981198708451,0.0762357933231618,-0.1526576708415308,0.056672679622044364,-0.0487933338891918,0.058329248434411445,0.03216540249640054,-0.21198785699659153,0.15721138478878505,-0.09315259909378606,-0.12085526309999481,0.052414006289479065,0.0376458591954834,0.08202849750817048
-0.029382765999996237,-0.20055615115178202,-0.2028870538174204,-0.10191467794639392,0.14547687309869034,0.054554897239421835,0.024555839386624076,-0.25367991234750975,0.04006954041365953,0.06553440928950566,0.04946727522444698,0.09324001435280035,-0.09583519791065745,0.09670829954723033,-0.08601636299168895,0.037459773597426874,-0.12903900958845202,-0.0013237791065247202,0.041361380823866256,-0.06885487211408182,-0.03232014343856791,-0.15712937525083578,0.19171547064802918,-0.04893461700267868,-0.1960531362159011,-0.0030892361843768636,0.13099918760830448,-0.0894273135020381,0.016327788442997294,0.037663973938214815,0.025561263794547883,0.13616554173334056
-0.005180377286606853,0.024116443555231844,-0.06927277813503951,0.049701179854789314,0.058900480522839346,0.06469344564544327,0.13104943119312812,0.2027674034665916,0.035896353394237496,0.034180170505473235,-0.16923048004127209,-0.11885874560501042,-0.2594695501763396,-0.08606643603716722,-0.0847691026155926,-0.24661774161436856,-0.1641118566277992,0.26431090022873893,0.05291523680911444,0.14457986866654335,-0.031171152619613476,0.08100032561950445,-0.3310294367481023,-0.08370865628901074,-0.09928645218357333,0.0265020671392066,-0.02482007671750065,-0.12683812555821167,-0.02277163602418576,0.3138717998074275,-0.12139328912907199,0.024019639566092238
0.03492550970095289,-0.08204975829343925,0.061980110845379084,-0.039572581094016554,-0.06275337396422874,-0.05270918279354053,0.11190969146717512,6.329475621921141E-4,-0.1683038697041067,-0.13184320827519422,-0.04220092616279853,-0.04031594053423687,-0.026998685920767124,0.21072860408995348,-0.01790741174757569,0.14064136744711345,-0.13112276039380827,0.20073449511185426,0.031596760782716414,-0.08814653304889274,0.22662678944301792,0.09980526608668723,0.07735077905987257,-0.025576983572046498,-0.06743212388175664,-0.10009533354077675,0.07345147577184559,0.0694773697151406,0.013345344414317138,0.029799763655227456,-0.036887710280177954,-0.11529417614984384
-0.13027960482390633,-0.004692518368236577,0.11129749021585288,-0.13471414007658888,0.007790505439183839,-0.05600149661233293,0.017375393867555988,0.004511777713211862,-0.05874507745515681,0.0354239996956429,0.07853731499711832,-0.043915840512328046,0.11016820009957771,-0.07466000386680208,0.15305722021825344,-0.12461717721673225,0.002836938209582349,0.008729747840744397,-0.2537885506541404,-0.08439610899816216,-0.17310533765575553,0.27600065954314706,0.054523466053042605,0.03658969824922252,0.0015075494119946402,-0.014837686017106722,-0.13457617022802196,-0.11538690322516795,-0.13435083116511262,-0.0232352467400406,-0.12317210659817407,-0.008840654257081845
-0.003194593143588157,-0.10125692260546479,0.025024898897644032,-0.09059124162160696,-0.10678433765303916,-0.18125463533832867,-0.17136750976810858,-0.11857920255983692,0.03240937296766044,0.08621145215212579,-0.061490131755761096,-0.10093236760381437,0.03380194428539162,0.1497457110122863,0.08174635513546376,-0.05832749713013166,0.09224082145046343,0.041325849565505834,0.07336402482386944,-0.04046911056275465,-0.17907912358135372,0.23718634802228206,0.07728838133297034,-0.036107822226473664,-0.06662134449339191,-0.04235229907630393,-0.023791267760062854,0.16788164027318614,-0.07741934311489984,-0.08071246171372266,0.15499232049437292,-0.1289767432590508
0.14440917556918453,-0.027219438915247293,0.0035264876443505742,-0.011525864302343397,0.18582096717044605,-0.09541256353123798,0.11902421758927355,-0.07208289361666263,0.032625571705438124,-0.15638299273906112,0.016977804814531948,-0.07999124821137549,0.201310907130262,-0.3841914581754002,-0.03657066005678609,-0.18644471688912304,-0.04569443278852032,0.07979972380142213,-0.11421911405813093,0.013885323504889031,0.1868169494027502,-0.1915945781537778,-0.15767645814508385,-0.08652256591876605,0.1211918728932539,-0.02711770404527249,-0.007001402833236613,-0.2532426929731716,0.10642910382797914,0.11627809235321919,0.015121179072973645,-0.08320576587185026
0.09066587742890994,-0.0760258690211907,-0.07612582578332115,-0.00560268534296854,-0.10580028580170489,0.0016626025743771674,-0.0964523108642103,0.11615976099628228,-0.10953604766373695,-0.3612504203158514,-0.0034045476262854215,-0.043164644754622804,-0.07604898425735222,-0.15957134488855804,0.015650949113445375,-0.06782496373862307,-0.1258905991306706,0.31126373023287757,-0.05747283327243247,-0.20838431941475527,0.04853211928559203,-0.1526782063709384,0.12332965787980595,-0.054328561488058744,-0.07528356839739447,0.06662909043930687,-0.0975519494219191,0.12481608300945483,0.19669625329444787,-0.13607099926363891,0.017132264112308566,0.049458797294524966
-0.05407190449177817,-0.10942681427219773,-0.036476776293782535,0.24300646517309793,0.09569747905516092,0.1458783386113833,0.10678357469618525,-0.1355119154400623,-0.05458673215539736,-0.1082574480812339,-0.18996223477494945,0.1668466352260537,0.07703993421871033,0.042754600140679104,-0.09331453755363954,0.13752837245255017,0.08050793393691587,-0.008176242646042251,-0.026278380243387543,-0.021875452075260326,0.07614930375347696,-0.046839819882678956,-0.029496461299235013,0.22978120390866963,-0.07988291946052542,-0.04853628640137989,0.07896500132884524,0.04257034354064211,0.021478811763808416,-0.25281131192452616,-0.13242084107447663,-0.04322721821401291
0.06078919617132531,0.06417562406376917,-0.1528402206400282,0.08893869340843451,0.13015665896324974,0.18348999880507885,0.025528295717015353,-0.04208227768957244,0.10165334160254773,-0.16566178196444176,-0.16197660973671762,-0.18085064747876972,1.0367736357552032E-5,-0.17920897271768607,-0.21309072556563194,0.24235203755306337,0.04653723583357433,0.04072056955197047,-0.03839023703704492,-0.08738472631015033,0.11228738889321138,0.12700590694355693,0.1421841209822762,-0.06308947142873103,0.051104029050227935,-0.0468944266351832,-0.032259047654337805,-0.12597213139420646,0.0892132933226919,-0.012355131857883096,0.010761776476792025,0.04667350267889921
-0.1361798831258058,0.14078790159161794,0.06988305058160992,-0.24820854516731639,-0.12104823735526682,-0.0038235620344022917,0.08197108291479469,0.012759435367020169,0.17630614134623698,4.599455498874958E-4,0.04329620948788944,0.2709797472095537,-0.11564239986919718,0.05672219551358276,-0.13500188479613615,0.171082426506484,-0.172201539490396,0.0304074120554855,0.053109001717021403,-0.2366075879405699,-0.23258538658515665,0.15352359761926018,-0.12799577776030496,0.1004987942620121,-0.22630010058101074,-0.12625222797936472,-0.06495626973452641,-0.15059660071993566,-0.08517472425740258,0.2293761268071088,-3.3646340569319904E-4,-0.026029517746956478
-0.05906614508790782,0.065667187886025,-0.2248541348458616,0.09212076708999647,-0.20029354886646933,-0.12569200766931587,-0.034436779278621946,0.021858839632807534,-0.04358145032575772,1.1038492138853648E-4,0.03565081709422275,1.5608222926652123E-4,-0.02588529463878773,-0.08359882439111589,0.10731964359842165,-0.1388602190029623,-0.060342730319070184,-0.13973578381673485,0.11634110614759048,0.1468617087205867,0.0030621592638379277,0.21109431354446329,-0.08171836806595789,-0.17070973543285617,0.0029505183749729304,-0.16819920570442415,-0.00649580594346361,-0.035220059784285634,-0.19080105691286395,0.17275520481911452,0.031034652926578706,0.14005094908992566
-0.21722563340095033,-0.04374561788683023,-0.1456314728958299,0.07022937973187506,-0.11658629812652582,0.06818928485124165,0.007345011323029906,0.25407351584895266,-0.0654188180787434,-0.09848395507306795,-0.07998799327565204,0.045191406527439484,-0.06771719109580318,0.029817116957987493,-0.047616502942349696,-0.1629785348192339,-0.08956779762562805,0.004254209280147854,0.08683567294261478,0.022025506089651165,0.033972219299542354,0.08365507438112722,0.01435777582135193,0.20125262476518488,0.011605645702368508,0.05361755587423597,0.03727380800471382,0.06977382865784112,0.08508969709494348,-0.06488115380099961,-0.0907453737075046,-0.026777165238069948
-0.09526305853489885,-0.07271124522627073,0.06009418860053936,0.012688176941692272,0.04934642152947315,0.12269292221021272,-0.10122676463408789,-0.18661030619479532,0.03653994656599382,-0.16854117636858096,-0.10774381969533105,-0.001058227187742962,0.07859555366921717,-0.06012873667528948,-0.10339751104997125,-0.1379121367468859,0.11283042007650392,0.19632895500913655,-0.18347431017116955,-0.20114205974091445,0.07444553041941489,-0.016530409126650623,-0.10991545933050063,-0.053863675654375054,-0.07076581030037751,0.2231059686814845,0.1015873100090808,0.08836206946954245,0.04177445398214743,-0.03322674974485914,0.0440612822660625,0.19134034928824528
-0.09015675869298242,0.003111033869902685,0.11875567050402527,-0.04800526922036156,-0.08121248889823625,-0.02217949012702266,0.3795114071475994,0.10387626186632809,0.11241160301219255,-0.06749867101296735,-0.002759638162109826,0.06923373663632448,-0.14521073459879122,-0.09073771953270493,0.0031876622122079023,-0.10264194345664739,-0.04772625955018231,0.07289283631386113,-0.156598896749874,-0.04403024568556442,-0.0695325735235055,-0.19199646917215485,0.210844143275031,-0.06894886833341055,-0.01333434294217936,0.14296267196503318,0.3207291677384082,0.03935607832352643,-0.06807192182994477,0.02671207519575544,0.02840356576514546,0.1262070932510799
0.05113203560923811,-0.014044877229167686,0.07806856026453463,-0.02419253615169216,-0.2334815172652749,-0.09050948031665869,-0.19154599610236583,-0.11948326244203715,0.0357237079759476,0.1627668479567169,-0.02383342591711563,0.08380250804949112,-0.010422180056318404,0.13756002215820934,0.05616321841525562,0.10441232849072628,0.04900366413387765,0.03890457802008912,0.09307326382867784,0.11964153677896934,-0.13369857317136885,0.063538711623056,0.10582204080906828,-0.017107122656568812,-0.07643800419302023,0.0033118109029773956,-0.03806081253892631,-0.047775379998826834,-0.0029087929737162234,0.08036876664584099,0.37520719557677035,-0.036795162573257705
0.0805157221324437,0.2085646152504377,-0.013388630375583441,0.06367852501198173,-0.05339842169644873,-0.051316353893904494,-0.1215573858555748,-0.055230071950275586,0.1371831745197903,-0.010026253986779953,-0.050342142418737405,0.08224527726424141,-0.11959997975768707,-0.1383348211645459,-0.02435864604834761,0.011169644210699423,-0.16680819516112536,-0.022574393232888842,0.006436961463706765,-0.09651459620431599,-0.07565073170039151,0.053651585704392796,0.034652129753011754,0.06796961775851708,0.002149951308991239,0.16434289480137898,0.1787261126608743,0.005116388024478325,-0.07709039785127762,0.03405897050372584,0.07687437294554864,-0.28615353728945475
0.02133653698280607,0.05758912631688245,0.10684658748289542,-0.0033007638323953536,0.13657527152564802,-0.11119080306932064,-0.012563604238919963,-0.018937554942982014,-0.0863939895751311,-0.06294694372264281,-0.15835305373053923,0.006992728363112195,-0.09600749895394332,0.09633355070432681,-0.044352297500333614,0.008737483540340745,-0.20847339179339267,-0.10435205670902271,0.0518300952143548,-0.046723381480814806,-0.010426315804353905,1.7113632168481215E-5,-0.08964523843513159,-0.24561857240951535,-0.030690996745589165,0.11287666308943435,0.00943491510167696,0.04345974311133545,-0.042955609033621486,0.09914821011076874,0.004567318210162791,-0.09857816390664055
-0.12615269402714557,0.037810532953388,-0.06954016211560021,-0.04454002389479503,-0.1071839517154751,-0.08968422706197617,0.022937110069967737,-0.2165134066022699,0.05224396790418736,-0.13678555821862962,0.10526653186774382,-0.01272079247650099,-0.11130523584027015,-0.029625363111836705,-0.023625851193155554,-0.19302819412328726,0.2054965922715331,0.1857324603517361,-0.07938886153703202,0.15074157123425908,0.13892107247740007,-0.16777488527492115,-0.0193798216148995,0.07195074955737235,-0.09338672446402164,-0.10582151807270694,-0.028974563190262825,0.10681757742006051,0.11125415014488567,0.32756182414238,-0.013426170679110913,0.02926901996006659
0.005440815428694838,0.08382674879878656,-0.03130301955057554,-0.1924558833942144,0.06588806559118335,0.10730558692360087,0.07514134023569569,0.26097348803895787,0.060676672453650986,0.00479379816335027,-0.057050728012325046,-0.12611524116879033,-0.0020730515421625395,0.037634297118465165,-0.09124185826856047,0.05424674504140376,0.03889466796037287,-0.06935188954786377,0.00175836596718807,0.015223349739363961,-0.09650407627384933,0.07877090161003739,0.06133830766259133,0.007804191741308399,0.1434736991873874,-0.05953907051360104,0.01573847244499777,0.13162030766000068,-0.11185259845576262,-0.10624825782312569,0.13958703367151418,0.03612834615427486
0.02830508951149193,0.008257472408340344,-0.019256410500121387,0.2673574333797966,0.08142026954360619,-0.044312332355854446,-0.008039220810670657,-3.461756153900088E-4,-0.03775686820502013,-0.023489290519406646,-0.15737235920368942,0.0637168519113293,-0.07726999637928937,0.15182872042257697,-0.058315094490956655,0.04473108130253285,-0.04317571878675462,-0.07619214872403696,-0.05903243220998492,0.05158177416401851,0.0211366713125092,-0.002287433204296453,0.02698880894712373,-0.07787062475310062,-0.15896373739422878,0.042447306362175884,0.1728215008761502,0.10307393503414951,-0.08117606189801402,-0.012740681116419975,0.07330566793734862,-0.20590493596248433
-0.05767980633157604,0.020297954717534723,-0.08233470754817075,0.11252434545582067,-0.3237082324169551,-0.06494752479840984,0.05841662856945248,-0.034579927654019946,0.05272633039655165,-0.17440584859896424,-0.15924004653137186,0.16764969686378808,0.02873585209352144,0.12403573534014185,-0.1473931797719512,0.18660894826822977,0.1469024667883338,0.13054801832815413,0.22071585949729972,0.11884415958127924,0.052419221506997286,-0.006037628352114605,0.1392659004858929,0.13966525264722063,-0.07044061720428207,-0.014068564110751677,0.1525385304979848,-0.08255527584808159,-0.04443362102017822,-0.04518766321960495,0.13674157241933957,-0.08624923839661375
0.025866374218657034,0.019599624413649982,-0.02807545554055889,-0.0852553549867809,-0.03776744911906047,0.20896813457131777,0.03615407911623518,-0.05385831692855041,0.17294336094233503,-0.08270530601704108,-0.28035934000085094,-0.012140547537300227,-0.10859123137950384,0.1687097601100637,0.0709670448888515,0.011816342222150795,0.02031978794671516,0.0791844408679127,0.015436607059303194,-0.1339921373007092,0.1205790858870554,-0.1144809028968208,0.11840479384612797,0.005599130336129875,-0.18287474071083692,-0.09103518086328413,-0.01029271201280631,0.006885298854082042,0.1678301369895845,-0.0914133501358205,-0.0026264554197269327,0.005652820980160313
0.09967144476320298,0.09255772815422145,-0.045780565780258124,-0.0770248357596439,-0.15243740308933001,-0.1417141751383827,0.0962062355182354,-0.12552983732595085,0.0638128770997519,-0.0692669356042648,-0.039605150260807784,-0.016190194223409567,-0.17954326066295623,-0.02214298505348098,-0.2240014250091402,0.07723709565275898,0.04275421116368185,0.03974671776319925,0.15290255682860693,-0.04554742687909686,-0.11224444575262882,0.007462104041527291,0.2171585194423951,0.10107254939955142,-0.2933125657843484,0.004014093159596919,0.09102232684812636,0.011696447783538053,-0.005332418613630731,-0.2211741778323821,0.13499069560614693,0.06418517440007256
-0.02526527839479105,0.03091015771596942,-0.07139975339898176,0.03150783376491118,-0.037657886132101366,0.1009324324914009,-0.04936002167552113,-0.06496453749637515,0.02665501822496217,0.05976179510730678,0.3004918800086075,0.04774063338771889,-0.042974984031429,0.07698822776450566,-0.1606051130446742,-0.10507220249381287,0.06046116461145631,-0.03568204432343665,0.06760338339708646,0.09218162074152311,-0.04184955595267709,-0.04469490196339655,0.006930322427860023,0.011082526794772885,0.016310841092185793,-0.2295075701938671,0.06636735285568995,0.09229082025664129,0.07358238989780633,-0.1280779997168855,-0.1003638623990768,0.040556695507926566
-0.10535338230221757,0.026968576784028198,-0.01588462264195488,-0.030638380699003268,0.1283728558302567,-0.19325390136755433,0.4200434760708902,-0.03575495232426143,0.020211921481673563,0.061242868464095004,-0.10413768513390902,0.08669832849190436,-0.10289063698546644,-0.12001728868118816,-0.09823434191706933,-0.060601610719894485,-0.20905193421916685,0.21619978458209926,-0.06820700422983335,0.1662311732280339,0.03549114996413336,-0.03017767973190664,-0.03832507993461663,-0.11399348391091157,-0.2612011330654427,-0.003036659670405017,0.012890287184923417,0.10449001968285213,0.09089812773880877,-0.12012342599252974,-0.20391577298728694,0.06445121269067747
0.05511199651769917,0.17924198441363698,0.02494676122779855,-0.09932099386687979,0.0658392802853576,-0.10090570472643944,0.06180472819430019,0.011714557398606018,0.08263847315421724,0.1333026448558482,0.02920075077027183,0.13605405252096958,-0.17687003158746095,-0.05096538887057498,0.03774584667770059,0.023594092402878693,-0.04646864134012356,0.2178213719311547,-0.04117915428748701,-0.002541882865280874,3.675393141441153E-4,-0.025792864580163513,0.046778688120016676,-0.016497197544850413,0.013075290951006428,-0.16846804037538485,-0.07234496985724723,0.16742776202253223,-0.04739965620984113,-5.486767245600011E-4,-0.009335785662968865,0.04968116387918737
-0.03349915566199121,0.08391649319044853,0.10461941524917936,0.07591622708741523,-0.08650798535093068,-0.03540366588677334,-0.04134070659627537,0.05872716302056897,0.03444175108318708,0.11231007778950372,0.0483856728296692,-0.03365240155304677,-0.19205872123541057,0.24546946895208552,-0.09431439067827853,-0.08848622795619625,-0.11833398755747321,0.08010134199753986,0.11244430782639493,-0.09402676476506121,0.04311634443540527,0.07645708287567093,-0.021991970953523288,-0.1351888795803963,-0.002953489546869525,0.01246725882925102,0.10975446915176137,0.10888734711563604,-0.048078467273925195,0.23074784614686575,0.04960654748127422,-0.07470874798356834
0.10137518847696685,0.09780898904833686,-0.03527786377675952,-0.03401140540603401,0.09660537868820629,0.0646234723638787,0.22953101153256725,0.08867021686043536,-0.2678424161269758,-0.02198842655731894,-0.06750896311944668,-0.0404926521670351,-0.14616813923108443,0.035706045952504255,-0.08380489623128005,-0.17465848254982144,-0.024456845001846254,-0.032329581209806925,0.24501006389122687,-0.17446951077181722,-0.0909973697959844,0.02808459332775508,0.11635914078349549,-0.16981017103701357,0.021812284539815832,-0.38560965007363446,0.02672831694812372,0.20246354655920465,0.13531592681556445,-0.010761259093755145,-0.02130113689262146,0.1346616987833808
-0.21324925855411797,0.13343177386129298,-0.10380266441066772,-0.0693256514891256,-0.05959487302488475,-0.13966943089278955,0.1083592913563082,-0.15693960355186187,-0.04989285021384313,-0.14181293222600141,-0.07272160975410338,0.0752802094601047,-0.1366691040084229,-0.08913940203942028,-0.194965400934665,0.12694061731383496,-0.06994061095493091,0.05951237188241882,0.051972713446540725,0.0061375054863311825,0.1280937894255264,-0.043546022037494116,0.03774466010803,-0.12016552679726053,0.10062335175651782,0.007218803852949808,0.053681782286908036,0.15181281372922997,0.06377723392524078,0.07893985994023103,-0.09475435112715759,0.09639380991162101
0.02456705665600738,0.014171698850731797,-0.19152052486744647,0.023308822926619285,0.010997730593659393,0.11886660294837795,-0.03401788017281447,-0.048473537961265786,0.045831913860992564,-0.0313157769511325,0.19751746630210845,0.07687771717824182,-0.037861369193911205,0.22108190785457885,0.09270178472255916,-0.0644373343376175,-0.04121851708354318,0.22581697124626937,0.10925539613261659,0.09463008562549564,-0.055997126996955755,0.12887639632718587,0.03571708865504658,-0.05112606229935277,-0.03660980010796508,-0.086544388565388,0.15942400950131144,0.18210637070394659,0.11615935621019834,-4.0736907812008666E-4,0.21840030368327107,0.03749444373586999
-0.0425296863214214,-0.020538246013538916,-0.19769965404420986,0.11023568047345159,-0.10140873111436666,0.09684195303858592,0.12402702732120058,-0.017885474434698005,0.04842996120468755,-0.08630373238242517,-0.13633101040580173,0.006365018044028163,0.20400156680485834,0.033024131988487984,0.08290662988328557,-0.03230159916420276,-0.10859148411176801,0.031654392418450125,0.11981074518423233,0.18700043664890423,-0.1881285457140817,0.023086070020629137,0.051238567539302386,0.11911731861452565,-0.08822369673011259,0.09353178849888419,-0.0467355154561766,-0.1089336846768088,-0.042628045126811565,0.0270201121037018,0.06574178798574386,0.12783214303081816
0.07058339466417646,0.04977891963704327,-0.07977502777310899,0.10949993893441945,-0.1525071177608447,0.16782836339726595,0.13242589499670895,-0.034810842060217576,0.08925379923203508,-0.014272160268614126,-0.22277675768639144,0.10474552431126949,-0.16065369482128725,0.024751636936040773,-0.16489208530545002,-0.019642563817742237,-0.08976354399404533,-0.060888349746173506,-0.09681069927054767,0.022639725106817547,0.007478189334297307,0.10733251690979694,-0.15755350694336231,0.12553185730115446,-0.008231284025751077,0.14066033262131192,4.403621254041373E-4,0.06786055795050079,-0.23060452770643616,-0.01958538086364403,-0.1388231846338603,-0.14376244643428182
0.054062838871424185,-0.09444433844980321,-0.05822184655074445,0.16573968904509936,-0.1121291087780825,0.002297720818923088,-0.14654747821101607,0.015974073748084613,0.15234809357260287,-0.08393362031786877,-0.07437790253701862,0.011967967754687753,0.012464826369079935,-0.02971562721688413,-0.08869755681795552,-0.21762573488487535,0.04704057954448235,0.16159055199245398,-0.17666234074360487,0.045998080772420756,-0.08115273918939049,0.027545889652099493,4.942442896163804E-4,0.13722065374791118,-0.07840733650209829,-0.07217254129888492,-0.023163273401705983,-0.23509687719051264,0.07163628340837351,-0.07162985615928896,0.1196430114179688,-0.10759025620058925
-0.1914824903571359,-0.031784224010176165,0.031323402373312464,-0.06000639396188836,0.042187111436871406,0.1543418718748757,-0.006692151693216629,-0.16060216780027337,0.018687673628897495,-0.024974771625296134,0.1443198547670759,0.031007690702401457,0.24160255393195626,0.06805345985359712,-0.10325208944565974,0.07545467883972701,-0.14526909271646057,0.043831227473560004,0.014155748129157944,0.1379721331956038,-0.01817378777016324,0.07940857638705667,0.1230015019054885,0.0385083396938908,0.15972588113497832,-0.007587549728658464,0.22411841427157014,0.08353526678567783,-0.05515006473411903,-0.05495179106619408,0.3671886636300354,0.19477590644074855
-0.03935526561682031,-0.026342138828920152,-0.13095052809627458,-0.09981447637992906,0.0735604916040673,-0.08130971144525338,-0.08316577660025305,0.024499842160133956,0.07477349998198328,-0.07466871322154059,0.04749197352411983,0.07488425434096707,0.11312767469078472,0.08226521665743391,-0.1609247906870109,-0.25774252578244977,-0.048731371626031736,0.05710728996200355,0.07591367620517103,-0.07972085355358181,0.02878574802234862,-0.1527427746057201,-0.11350161860496505,-0.11202778869939539,-0.058897231309275516,0.16945468021402688,0.1362742139697389,-0.007174694269368203,0.1608618564729816,0.35539365718914706,-0.12096063095228894,-0.11751711234656691
-0.05972049029644326,-0.03585620728073531,-0.10115760287533498,-0.23137044036817866,-0.18100006050558196,-0.09418619960955393,-0.013841652290946364,0.0700024542710848,-0.01384752576240241,-0.16529574675506506,-0.06329755954360113,0.03978563877589476,0.02962678033164638,-0.10612124627486286,-0.11514683791660998,0.0891704479711406,-0.014929066635607797,-0.008845195006342437,-0.009235778498005347,0.19123297492852348,-0.07621199175787846,0.18122302000895232,-0.18272600100665834,0.007934244907566473,0.07960019119417014,0.049839800745430415,0.2035187053415116,0.1098720984825321,0.03769699019913031,0.09142874602203425,0.04130158557317112,-0.025231197636745983
-0.15046503314174547,0.0041553361187116195,0.005257258883272479,0.0032452932550605337,-0.04438469880157199,0.055134842182429124,0.08260217115490683,-0.05926652753695113,-0.020256145199658876,-0.03410468365146126,0.07199831567966139,0.052557510336855816,0.08281671684843882,0.14472445151039431,-0.1351265207165694,-0.011550988725915388,0.03659123383013054,-0.06006517885920427,0.18794599694355524,-0.017331474227346762,-0.07776042519617991,-0.0527548597623792,0.0027767554947854952,-0.14086449117067926,-0.007534905995760506,0.12295730204627099,-0.12403093247031621,-0.04119736246454085,-0.1552108087172757,0.15335541710455974,0.12466605762765384,-0.16552396476259043
0.06848356078136103,-0.11412834717915886,0.07383194571504395,-0.17173500755392554,-0.11858048647548915,0.3431185188504409,0.007702801293729878,0.11034612300685966,-0.24953699306071728,0.09532510236505924,-0.037147784269149574,-0.07453674668767862,-0.03322312872162811,-0.0029450213668428364,-0.07139789472548834,-0.12389123446977672,-0.19991530456558929,0.06995537614947178,0.14924706025725873,0.07925913608859024,-5.538808104228049E-4,0.041312488372489485,0.16130937147898544,0.054995671279492585,0.005554033503818478,-0.2793730574340867,0.31068644583148214,0.04310827796647565,0.06777143341966657,-0.012989870703700557,0.02444212695816267,0.19516388486731986
-0.009992216589006168,-0.010583674878739508,-0.12421404037664545,-0.06986486075974707,-0.32201544466325716,0.28864257859264986,0.13872894430070973,-0.12243715301654066,0.10624864690909373,-0.06028183802380994,0.26234669692063295,-0.029443982028166657,0.09640276081626124,-0.06548506412314264,0.08077829835597251,-0.051525493089460375,0.07393158923351047,0.2850957054406954,0.0013139081978929185,0.08885522918868534,0.12926561716000506,0.001718491479329251,-0.09308686009591048,0.15622533954813794,-0.08718783869133999,-0.15660024776691345,-0.16260388738786963,-0.06644977540530148,-0.10062529830574657,-0.12158917777990992,0.14279104897547354,0.017057461002671737
-0.20507599659423925,-0.06594660695858068,0.04477326889961309,-0.13130365881578293,0.004175391657705768,0.042077229147162845,-0.15672774571284284,-0.19209582615733622,-0.07716182445821947,0.08788345054271886,0.11338598135872363,-0.15720974378411096,-0.17432861063892402,-0.23677891366879553,0.06102215129789148,0.11260269642514702,0.19931697268221607,-0.09449263307722852,-0.12223388826620846,0.035704617815908765,0.11694946438753466,0.12806572700092658,0.09527154278528906,0.08799528177471688,0.036374517579636986,0.051058277660858235,-0.08164069962184586,0.047043249490976595,0.10861043227386001,-0.142731522976266,-0.019138288990615506,-0.050472975196423124
-0.2603515712910305,-0.12036327632613751,0.1263761547734026,0.11849105249671175,0.1880595848217206,0.01468324235719164,0.07744532725447313,0.0440171916002359,-0.022324743814600805,-0.264031263437303,0.10743059562018097,0.09889859579120547,-0.0545669074423444,0.014768920121135825,0.026444063360831015,-0.08451536560694474,0.13537247972745564,-0.14963459882280924,0.22116725597872922,-0.027397972762526306,-0.0150392406515855,0.21808682509159463,-0.0086326063307199,-0.009820037469270888,0.10135910144726314,-0.15263458163856672,-0.01593822908275978,-0.03353541144230854,-0.015581082753582063,-0.07290452602597823,0.12757947248010323,-0.25131005707488624
0.01963207309739868,-0.08154334666045497,-0.14185472832253773,-0.12311770813245726,-0.036073177674257474,-0.13124822772987782,0.04091506643667034,-0.12138107337189209,0.07028123741721988,-0.10742113580137466,0.07465285477967888,-0.026684408811289865,0.053981073957731565,-0.04936106157047216,0.08703651397792117,-0.16304717561895238,0.014267044137529186,0.12366690201834624,-0.030440777177416202,0.07655412215634744,-0.029740315153675343,0.00872912973559566,-0.16769964463929804,-0.01793446951561132,-0.010492065147471223,0.11760198753399695,-0.11756744638496876,-0.02649348921964858,-0.08546523286568325,0.12825923122457267,-0.08744916170263912,-0.0486389327796119
-0.16309394860548468,-0.10165674665389288,-0.3120938149582405,-0.014094681162134703,-0.3315756876503711,0.05506931952844933,-0.1591859369501088,0.15316831077230225,0.043304641675617025,-0.23598911993739144,-0.049782834815322134,0.27580386858423883,-0.15106740081067127,-0.17240043687827553,-0.0625096784345405,0.12140505004443773,-0.04519987615018629,0.11202261883564851,0.13790075127576465,-0.07284782800434245,-0.11477058836243303,-0.09577500482713894,-0.014329062980246237,-0.08145643356137802,-0.08942265999974477,0.08240148408666209,0.23854670012396834,-0.060714477115981325,-0.10610392301933814,-0.14940705790648084,0.12488311951129072,-0.05624855394571356
-0.03719016649044533,-0.022971536755260653,-0.1701781544516053,0.019772368205503748,0.10643089103358577,-0.14197775228274412,-0.12309670987864071,0.15941514538031198,0.10527106546772111,-0.007249550123539134,-0.23656826951490606,0.0521636126100596,0.03498887496033415,-0.20632871933302505,-0.12331395966034449,-0.061504986776383344,0.18503234699736956,-0.04141916017015229,-0.14798519400591148,0.1274784147601002,0.0118597731467209,0.03179756869877183,0.04757965819642121,-0.016413313573048732,-0.0021913294589385583,-0.11769394242223175,-0.053176732056672095,-0.007000609402022264,-0.024532626662421342,-0.013203436610905613,0.14993865114818555,0.018897614496775374
0.011693590819581353,0.02315988236199877,0.07797418135283138,0.24409814412477968,0.07137508875375403,-0.1475580778518481,0.10067849130841057,-0.06418420956554738,0.09793387483137807,-0.013357759906076586,-0.027376992380648384,0.25728935219030935,0.05576783739875887,0.08031473419355012,0.009492153359891429,-0.07726577432533935,-0.019735031891837885,-0.0957817524678071,-0.02545952926059793,-0.06733849313180253,0.0757903379330592,0.20422668671592425,-0.1440239407566542,0.02815279372599173,-0.04351517123772444,-0.023874337960681356,-0.026622808073988646,-0.05188307233360981,-0.11379247110526014,-0.015253069093429855,0.20730302641696405,0.027326272193685507
0.0952127762895003,-0.010490936488184888,-0.030065542123607583,-0.008506634370518127,0.1327113606323931,0.028498705925267973,-0.16946142189447566,0.23488875164378564,0.08639697310574238,-0.014394215418428447,0.033669621469834314,-0.015200462599379575,-0.0983353013140991,0.0013689583960192564,-0.045957258981675006,-0.00314752766724841,-0.10387529126256186,0.04204992141594188,0.1537382754545768,-0.20058877309712053,-0.05788509697087641,0.24432788646802792,0.10151621504486386,0.029946808951822293,-0.03958321229939095,-0.028526978527571537,-0.10087409402738144,-0.27997387716298494,0.016187203377205854,-0.21205831694401356,-0.005972916738394858,0.09857257518813732
0.08514368624992137,-0.07837762164393129,0.06992438969978637,-0.22974137832226105,-0.03539636854526547,-0.003034287682354409,-0.1696756327322903,-0.1617145668302795,0.018332202922692838,-0.13883958475542416,-0.024973217974215558,0.15517195746478993,-0.16876601769868502,-0.03541860768943835,-0.09167203355661543,0.05687030670604656,-0.3348715727680066,-0.08071805099036745,0.022237302919251474,0.03331619529423036,-0.032397354682918794,-0.022109677355830814,-0.028538910124385836,-0.010567418989729481,-0.23039574333505472,-0.17018644459009707,0.019012674931098008,0.10843521439911995,-0.002539660179078573,0.2704847610068906,-0.20319513846190976,0.08102641860232453
-0.04630978258038883,-0.3157197418721258,0.08985964332438895,0.1266774442227736,0.015744564108045308,0.15988038310602795,-0.11916069341134575,-0.13172228237401232,-0.0995496849067631,-0.11821900342859479,-0.016671378989476737,0.021072829417431868,-0.03399542133675236,0.04750053053678322,0.1038390946530038,-0.2299476644355944,0.06435458376353716,-0.06995594470917992,0.0798666079674133,0.030803355689024266,-0.15342059505438438,-0.04387558087755182,0.07867795907685934,0.057843446781852895,0.1240471655845223,0.13253520533056987,-0.054292002019995844,0.12102894990862424,-0.1374367341022375,-0.020791696053373093,0.007627356477214909,-0.0013234820358746556
-0.08405835556237364,0.14468653356481095,-0.009889742063396642,-0.03372235397360848,-0.10946191416965215,-0.042787230260635745,0.17841076831916117,-0.01412192648578642,0.11966565208952334,-0.10902896883258245,-0.03967806496779504,0.21217195926435883,-0.07894578541402264,0.14275930816241153,0.0026375904084924204,-0.020335888710157624,-0.06824710605232961,-0.19661685536646875,-0.18086445557250455,0.012672763401325062,0.2006634071158342,0.044125761586391136,-0.2009035464986103,0.16783136581869743,-0.05284028686672142,-0.08026271583475697,-0.07846633739846462,0.14913728641592963,-0.006667739687563796,0.12988058060425708,0.15172878044982976,0.10319207682660968
-0.08425782159557468,0.01771439713759111,0.09392614589830041,-0.021200284897502322,0.002370810202597413,0.05057514367202762,0.21744764586874096,-0.15158522290794266,-0.12408991058493511,0.018751320176295636,0.295830555874577,0.1683272148453355,-0.2172991866958503,-0.15285342651707798,-0.035195112619468116,0.003763420210406391,-0.1473730973035045,-0.06572299759815883,0.07554148249671501,-0.003137815335223516,0.18298019854068492,-0.005567103445668768,0.038685226934238856,-0.01793771220414249,0.03453970612762622,-0.020272663590259803,-0.03288769193773973,-0.005098690617312935,-0.12663946708153626,0.386503907228173,-0.0038329131916809275,-0.025625876435040305
0.14991744443953625,-0.06548345826084265,0.032960571840547424,-0.0896364965625123,-0.05465004978678971,-0.01769979887065156,0.05546000859742664,0.00880320647486979,0.23168669836280395,0.16359845719787797,-0.12391844070053332,-0.024966091790278474,0.08796277409003189,0.1282844405850959,-0.08488714483513098,-0.126023785075424,-0.010826143152981384,-0.06455126272575697,0.15472303158309147,0.08172082222251928,0.04666606891565708,-0.09161333654981987,0.2101953408712547,0.03414705626362493,-0.028771442811940835,0.008494759453600946,0.07679212225407976,0.024879720505230473,-0.06618419660590988,-0.1665202153446426,-0.16610249538839827,0.1311625584880537
-0.035541899531162734,-0.3071969785386405,-0.14416555846554407,0.17422729804967824,0.2734846746388331,-0.06913958219073567,-0.12222857269116026,-0.10762590986613516,0.11976924700069232,0.08899709741746022,-0.23522285465374446,0.0635846651959608,0.03000843725597898,0.1567846832529672,-0.009150709853244546,0.023868539056438133,0.1265866132246267,-0.054166784408775405,0.21703340026128148,-0.13154967686171648,0.025786525036436032,0.18069834204329618,-0.30127113864236466,0.044010535963576757,4.277173614907685E-4,0.12158390039033908,0.10137613116254873,-0.1138803590825963,0.028719562991635847,0.11886600793461548,0.19525004565148849,-0.17729521858407699
-0.03132986468462671,-0.09624603240078379,-0.14884214878829127,0.04053993993036675,0.006955758710775115,-0.08806253722477092,0.13592303883139353,0.057927653134807966,0.13892401391966785,-0.2418446158469052,-0.15468571239249004,-0.13486173091253117,-0.18441890330838834,-0.08058193001348066,-0.07511387980508955,-0.17925379492268562,0.09976236757563506,0.18171602131153428,0.02197522904341076,-0.12470152585299378,0.16764264204463392,-0.17295069220280554,-0.040022487677853436,0.10987534785224486,0.158203841947999,0.05134783525748936,-0.013530203041296967,0.23898804334563528,-0.00971490594395261,-0.2232140259088213,-0.016297286130946262,0.05895290675858027
0.26258982631373645,0.0625687140831181,-0.08913480660489058,-0.10492426898207581,0.03925738742973547,0.008157975068667738,0.027678002344507527,0.17649355064580338,0.12695985903018214,9.723525062093016E-4,0.004166834630991217,-0.020727136034932647,-0.14865263967231407,-0.13142052337361892,0.018860729015226767,0.051393870201113016,-0.050239350889407404,0.2658355410410657,0.15723762742152209,-0.22907603335739055,0.09472038697163251,0.10256991015315525,-0.016708520765478543,-0.015078350626223182,-0.28304666131994366,0.018728192628570756,0.07294676981110028,0.15390772334984654,-0.16760503997597564,-0.01788181963441985,0.19116047156088417,0.0218249435957877
0.05665530718361575,-0.04474982075443272,0.0931937124148942,0.08038176958294914,-0.002887543028474243,0.018676118610212473,0.09898104603317918,-0.3801343734017179,-0.09072675212054439,-0.013607370934750214,-0.09406611050727744,0.12106267803365087,-0.11661060461270985,-0.07905605072021356,0.022962881610786377,0.028678280151707047,-0.23905996378454653,-0.03832344068164933,-0.10514345014270042,-0.04771300989408759,0.13210460954132264,0.04826373994525387,-0.05143195064281105,-0.11271983239848785,-0.09736309156309679,0.12803452240993288,0.18196150051905025,0.16957041705544415,-0.023011995901570985,0.12563956733288,0.10075357388154026,0.13384911539729064
0.061726041121152785,0.10587462423558493,-0.18630347057910138,-0.03700588916083786,-0.06873491759694268,-0.10294774284053511,0.0337761467546475,-0.0895698469052214,0.24967342183718547,0.08390642929713571,-0.05865039015770393,0.12937816971979219,-0.20166961257671615,0.0945008406854552,0.14519643879838223,-0.18181311313817042,-0.19196134370199175,0.0126595667151841,0.1712481987715273,0.35493004361691205,-0.014434782533583738,-0.10089210808710365,-0.049826413051405526,-0.010892554627728153,-0.09173182147439883,-0.04118681740336831,0.10655946877030037,-0.020301017227032075,0.010300033462642563,0.02459958471812892,-0.0020779147351410857,0.06228557684141341
0.025459289668394135,0.08358154180521131,-0.10369381923271657,-0.13482546831416173,0.03834357870792522,0.05238895251674329,-0.08067458095347722,-0.17530642474498548,0.010764822179380336,0.0435911620003784,0.1074332761664545,-0.0025134595519670875,-0.17250704917215084,-0.0060130088633648816,-0.03454441238602862,-0.05120920490752354,0.1185200737462671,-0.10440878876888791,0.24025223194388567,0.13340817083276474,-0.17799657819495115,0.13861351261099777,0.14533275248543345,-0.016442528583143202,-0.047821014183238426,0.01297105917588079,-0.09979001383621326,0.19731270816890692,-0.2090574608314572,0.006040017164062729,-0.00835345545964886,-0.15141765912998645
-0.08084777532095086,-0.14820690130314762,0.04696170522714089,-0.07151675844257066,-0.014399556758495491,0.07482425871128182,0.2056655289963903,0.1319709526561472,-0.027431812397265245,-0.08707509150570858,-0.00848978665133695,0.15795395533757828,0.17201772234170262,-0.2716091621348671,-0.13387653693417711,0.05432622251038625,-0.010235821708567336,-0.08500625988007635,-0.15434916153722747,-0.12567035863769185,0.0686659530581916,-0.08928400393450044,0.007045154597082267,0.08771362378776665,-0.06288732667743112,-0.07691755218529328,-0.07634727143490048,-0.024808635332984906,-0.26135713840020747,-0.12005014902754307,0.033062260170911954,0.153369211321839
-0.030203030919943804,0.14815707593262967,0.00887570797694047,-0.07453958443166966,-0.05813012360680299,0.21124772759918609,0.0687250807561164,-0.014574826007922663,-0.1065793000738874,0.028507791706424222,-0.12584639435227882,0.1373349927299956,-0.019803248191773065,0.14036643468905485,-0.019227963695426325,-0.10128653328981664,-0.0736926277604829,-0.07715545448724485,-0.015625529204788755,-0.136984053990882,0.0175110018362187,-0.07964000947438915,0.08001132743554608,0.001698064964880168,-0.07811403077319821,-0.029340556042604524,0.027461512344581124,0.19360428585220002,0.024777738954239577,-0.019614408057019056,0.04313926477712922,0.025496612635614195
-0.18317845032667676,-0.20139501254175876,-0.19342693633788968,0.028612136845373254,0.22911129971065589,0.08941792652081104,0.08656074229669561,-0.05303487667273324,0.08194109369405084,-0.06410914575659431,0.011530086232532518,-0.06553019472950672,-0.08862193147993136,-2.1908805394166037E-4,-0.03674520010840892,-0.1833179882969324,0.045739548417905895,-0.07213542329700691,0.12544810826151606,0.017775592099293046,0.04856321187042056,-0.0676275750484816,0.07274603828747003,-0.016800168790111054,0.023040168060615283,-0.14882675636319997,-0.015769220479769357,-0.16104713319902306,-0.05666567146952802,0.38563508478389036,0.06500041265096707,0.0708779761559704
0.01459604730382219,-0.1487964465287255,-0.11231364540110841,0.08790478586556097,-0.16507819701345403,0.12328742662119277,0.12102603146231668,-0.04178841933349053,-0.04651231797363542,-0.013172392099949254,0.15246808116342017,0.036075826795837006,0.06328225362861499,-0.23271818659278973,0.004209058898257177,0.2051758534113118,-0.011079488738082099,0.1002881615603101,-0.001195663439353813,-0.020963696680842657,0.05021170813899525,0.011836722920698371,0.24808684041796303,0.09088003096636424,-0.05559718438605174,0.04019186793674628,-0.029232544491846812,-0.17808660231743487,0.00913646468382247,-0.15969785785733337,0.04147799300523478,0.17286177197997646
-0.08432309620556472,-0.008951460049593227,0.038042199059525536,0.04018419844014978,0.07392226330181258,-0.015563624451352133,0.1125549839513129,0.05142940235452541,0.35411061106374236,0.0200847052218854,0.028678395063346778,0.13955346929157747,0.02184072716160189,0.06630665920589324,-0.15749648821717624,0.08177914958988217,0.06169677842901853,0.02346127267355224,0.051850727941932954,-0.10058242372879242,0.2274616773545388,-0.20714748805209504,0.006303597323014733,0.06410152873417219,-8.74753579159118E-5,0.03160297145807372,-0.006002072467911766,0.10782735037051465,-0.0847703200543163,-0.11066458209334351,-0.12578788005659747,0.20056610926517965
-0.12842870903080555,0.13010933664536237,0.07426597690943806,-0.05212076568896458,0.008268782618822499,0.01260392195505836,-0.08504104906742993,0.19253054008019355,-0.06008982743090418,0.05490135266258124,0.04707723868456419,-0.04767010419951714,0.10184860859780796,-0.016243211174614074,-0.06911951447103831,0.16865734271013333,0.15174952737751013,0.2143085542424344,0.013173318915631787,-0.11250665107217254,-0.15349319927803864,0.00844945411317641,0.1768736653806806,0.09986994914837469,0.17991526639419111,-0.008887278084963748,-0.014819289793855635,0.0708606800450777,-0.16122622165104306,-0.18199200424379777,-0.023801228146170902,-0.010799528443886002
-0.1007001698907963,-0.04337970872700164,0.031416791044604216,0.16910227929653404,-0.1944881943964054,0.05902478731473649,0.12148083277185638,0.022750683954227677,-0.22787495148807885,0.00460470600421525,0.09325139212173668,0.23245830353157368,0.13056581451576427,0.011363006891509484,6.388741000199084E-4,-0.01295407596106892,0.03970656377304886,0.022424321069295018,0.1342832646207771,-0.07707961095640067,-0.06810688152080119,-0.06442909903665768,0.03896217259898004,0.03200954051973303,-0.10652750865019496,-0.10029036385029313,-0.07693155706293243,0.11102466535982315,0.09767820649258128,0.15271837227748059,0.02558716150211592,-0.0176460163221884
-0.32903961198435405,-0.08580180903054642,0.06010627095596313,0.09561376601093946,-0.03729778678836391,0.08344503606069875,0.09731537345938998,0.043123128694853796,0.12065818099364338,-0.09605538289750157,-0.06457243359439177,0.09718213801538374,-0.1428940406983801,-0.18736591094313837,-0.14664940496019194,0.005879207764499237,0.05653532597507299,0.09216109938613842,0.08521514745818658,-0.12497379921328795,0.06228172322990924,-0.08828400111812866,0.11460652382418814,-0.07256147435308716,0.26963617909042736,-0.09734488349625287,-0.03690327222077116,-0.07082399284976168,-0.09328607813812644,0.015149775221006821,0.08701594473278555,-0.02103371345844507
-0.019609423425044258,0.025743059446600304,-0.13175642348551592,0.056063966881498645,-0.11187206412785149,0.032795353853825315,-0.05341897397854964,-0.258056839607115,-0.07905263027607995,0.06275950643485916,-0.16844973949231598,-0.17719551920783425,-0.1398483811198292,0.11267029562237471,0.10940225550361445,-0.09936668220790756,-0.07139690883658392,0.05115134267361215,0.20198843598779806,-0.07126857355591215,0.21859467165654345,0.055675710720387246,0.10043010317091011,0.09947117861358423,0.07044224223552328,0.007414955904005478,0.005719914807768284,0.21035368385931408,-0.07407377810826479,0.18339295431657346,0.03814428507925681,-0.0678541755814436
0.25012467706650704,-0.01646362202478109,0.10271369835422889,0.08573257481825898,0.10198189648977588,0.1892952622239764,0.16087644116264022,-0.09849892805825723,0.03581602973302198,-0.04761167612328526,0.0431761102621469,-0.32542524890727725,0.07352524957118531,0.037302514340790634,0.03233985453872888,-0.09267207330901787,-0.03757229730709635,0.061467675642972036,0.04292649599958396,0.18085704471841052,-0.10713736327505227,0.07812472683830812,-0.00561322682888655,0.16515979364038014,-0.041207484556257806,0.06804489076610971,-0.07162033601882915,0.1984392205736687,-0.18011809617102745,-0.028067481305318887,-0.0360978116249197,-0.11685064134203962
0.029258010782011228,-0.05764542861125589,-0.20910284031594717,0.057582276219314166,-0.13352910595689352,-0.095878455137217,-0.0575281477922673,-0.04967333146020575,0.16676728595928955,0.015943008809130195,0.04415968866174123,0.07979384848910075,-0.015551959175115397,0.01376391557871443,0.029143115834429308,-0.07628405407996912,-0.17535558892907005,-0.06260878051799487,-0.034503089523120443,-0.07306829342464746,0.05585437836450701,0.07501114929696552,0.03959151102272049,0.22380350503235766,-0.017149765304770602,-0.15452079724788076,-0.03516516353019987,0.049286446817711285,-0.0812324277498202,-0.15619749293651847,0.27641570182807257,0.17647913137878554
0.04206171688096342,-0.12889689011404135,-0.0883572360898892,-0.1655505851831287,-0.05862758966958712,-0.2841509124473948,-0.04224231916882064,0.010075713538871777,-0.0625817315002171,0.07548872865584201,-0.05491544040246066,0.05869367796517319,-0.16525571726725502,-0.08101099590418756,-0.017170848310547156,0.08529011613300272,0.012378927219228937,0.07200661841964925,0.15473303219247433,0.2350667029664479,0.09303142177641464,-0.1161464316398704,0.16696274936148958,-0.06343887415896218,-0.09661140840137762,-0.07627707137696854,-0.04551557647173443,-0.09882645466180147,-0.17802887685325625,0.19512353421890904,0.019863018388070405,0.21708789574102058
-0.17809020281039792,0.08929428953077627,-0.10496174155076676,-0.11054740495729633,-0.031720368494782505,-0.012800347795013607,-0.2597545024618412,-0.040060493940354595,0.11426296708691848,0.05756243871649708,0.2519522654380924,0.03652093908415348,0.17336110252095188,0.018166725631581462,-0.022258569854885925,-0.020381882031648955,-0.05763943254621654,0.019886081995750475,0.10856017312677704,0.08317101901507558,-0.02809270848287992,0.0034178855716821962,-0.0991226635437924,-0.06718771848607759,-0.03625345362259807,-0.11142650301201719,0.1825532036118641,4.945951502730575E-4,0.09163649046031039,0.04348572255696035,0.2328912324253,0.09063968775068199
0.008528871445442225,-0.015395172667688528,-0.07052646332466592,0.07858040006241088,-0.0334199712961044,-0.09317636636446733,-0.01139383171305723,-0.1978615129363452,0.19994299550894637,-0.059541405809801946,-0.09436669150914041,-0.09162202614425433,-0.14728222816238745,0.10127854688652499,-0.21580415721931748,0.1747441389186115,-0.07267761542545026,-0.0211360099420626,-0.012819238281645601,-0.061610430903179275,0.21512348575999296,0.04342530004371989,0.155231664823039,-0.19725134395263502,-0.1995465500933144,-0.1477435522913385,0.03306382702980393,9.012146755760326E-4,-0.09461289769083125,-0.09515805252266016,-0.0760460175037615,0.10344893999500474
0.023093997333344815,0.1043779892697588,-0.18925805113494676,0.13310665370452332,0.0893831763349214,0.07362520763555154,0.08218862451238655,-0.1819660277328998,0.3485223265260333,-0.008680997570159256,-0.1456624094046388,-0.05240105430914769,-0.030333882363023257,0.0858036417129387,-0.004130879728271626,0.03745358959781569,0.059097926585556126,-0.012233824175309705,0.12310602473239846,0.008296658267985688,0.0417407363410454,-0.019713469910885,-0.09850063762383685,0.10816141852577904,-0.08210422016758909,0.08481424188570286,-0.03110033695244052,-0.1424503334506899,0.01955457104570708,-0.0035978435767679067,-0.03136884768542049,0.13216534284658668
0.17575605784978568,0.07886889014977344,0.02574612493508783,-0.10595962545862703,0.2443365705128155,-0.35477918781794393,0.05508371984835677,0.02653179155087533,0.1604216303212896,0.25070564687718433,0.041047337604840854,0.08750007769583522,-0.0051591463416531935,0.12574547368638236,-0.19468944122156062,0.1242300598891271,-0.20911340024572317,0.05291840872633471,0.08149326618866656,-0.10735834290593457,0.17488632552572617,0.027432820831082175,0.027757493394562988,0.09844015776488406,0.050055205692195376,0.06784508817427798,-0.0933837364830624,0.18977099361977143,-0.20476015849366586,-0.04742520447732834,-0.13491849014122723,0.2389487217355448
-0.06523368245253257,0.16962545828014156,-0.11201190424670197,-0.16347404333946278,0.09001768533623694,-0.0322492237570159,0.24912261481351697,0.05854794140875579,0.07664141381355298,-0.04250026163985903,-0.15054871331261607,0.04307203482512883,0.07952506440264105,-0.03748824140079369,-8.096989448109545E-4,-0.005868132311271017,-0.027463809008006983,-0.03714577337557093,-0.009903509781158676,-0.05211001196662309,0.2650533745845264,0.04789645226759878,0.1461645042634196,-0.09828971039884074,-0.1874217406620202,-0.0357132742041577,-0.03979142101711648,0.07502445032529864,-0.06911550888301372,-0.11654540700645975,0.018124435944668046,-0.025617556164322222
-0.012222307392640935,0.00730306776550187,-0.09534173440910626,0.16967626934984642,-0.21902437169342323,-0.09299026037719153,-0.045358028630770895,0.13129015350473558,0.17642621810432027,-0.2834714757972544,0.04661153202687607,0.030493599583578397,0.10395258581531541,0.14148958222065197,-0.013391743707038746,0.01674691539251873,-0.23781316548533638,0.24100300014726558,-0.02519062073660521,-0.08026101345247552,-0.0371096641562536,0.08258801956018567,0.04492253338926443,0.002107164269466915,-0.12378664083320147,-0.10930628918918678,-0.08957087050760054,0.019564256063362373,0.1364551793936091,-0.0342591189973553,-0.16911151143329572,0.2965643285286496
-0.0824193144082056,0.008131664922436258,0.042489192387166155,0.042160294696035154,-0.14018671385551915,0.16929535643562196,0.09157914974830426,-0.045771711960675664,-0.2723735544467389,-0.1434792625548159,0.06937434531174871,0.34713044176255387,0.010601263929322792,0.1172593253492981,0.0014207253932128987,-0.06625475926958496,-0.02225683715289785,-0.030088223874184597,0.13341885705185513,-0.18889414452198858,0.05000925493002097,-0.040849559380888814,0.03161779775318546,-0.04116100614550404,0.1140045569183136,-0.02982043172427127,-0.18897381933812094,-0.06970189613725365,0.2613849137928855,-0.06222753456648299,-0.1273569027383801,-0.055175596395594155
-0.11676250230011165,-0.16297822181590654,-0.11310534222781103,0.20002431373368784,0.14004741360332126,0.13596924352072473,-0.1546505915184821,0.13070536050016596,0.11810216134605857,0.0013698325646508708,0.12035098440108534,0.24354886634713235,0.16427608708907052,0.10016781103723246,0.14705607305630045,-0.09833808678278991,0.11124765991860393,0.030189738552180004,0.03883905598998057,0.03776441499995934,-0.0393446370037291,-0.03820438939702765,0.06021568532286966,-0.053526426645164396,-0.125619853300668,0.043658508180246414,0.10149013935215491,-0.014496151817757139,0.05323218383974576,-0.0451090859867144,0.06110098585711999,0.08042383151748814
-0.08939813225240983,-0.003804688304622739,0.05168686098822234,-0.05091628304723961,0.09512461125094128,0.09560068732746882,0.12876121605766053,-0.10960004553597692,0.12093426507104149,0.14906440220483386,0.016049115788961656,-0.1181604069092324,-0.15718021429037948,-0.026907977431700116,-0.11425311107446812,0.07695358504666097,-0.0656271082439854,0.08559712014843665,-0.0675548486519966,-0.10538247094074343,0.00973786590496378,0.1141708553993176,0.06855335962319457,-0.11836213120183585,-0.0662714146942123,0.11202107764678523,0.07331679808347565,0.046192933088435244,0.13801180405241364,-0.13050143748651397,-0.1818802778097795,0.04230717908055126
-0.05058630360284965,-0.12030247449741102,-0.014270702450715074,-0.0867950343220677,0.09687624039929589,0.26101927270648323,-0.047819123321904244,-0.032055652561758234,0.04729592268282906,-0.12636555759041798,-0.05116644376718155,0.04121422038755597,0.18690343844643637,0.01682086401877714,-0.26864146916712556,0.03224362887205679,-0.2113058023542117,0.07561595737677568,-0.0012863051391458777,0.07377473898563486,-0.03835447762172095,0.1231307234163027,0.10013464199004825,0.12243063060034859,-0.17697883290670668,0.022623839144017006,0.1859958466257049,0.09678931718843753,-0.2309325997492249,0.17567048912523478,0.02375278263139,-0.17742443277876638
0.12568787754428856,-0.0591484951716072,0.05974251732130664,0.13621246398963227,-0.008829521812628818,0.22615673146526172,-0.07295530207273872,0.03544627393518639,0.09283498687525576,-0.17748896143300097,0.01091246854989255,-0.1741450810450884,-0.22836795315803812,0.0751021048637222,-0.015289014876802539,-0.03394038387270401,-0.07481725459167939,-0.01783858515726297,-0.12472854761183823,0.3360884218086587,0.07572289089808834,0.09028404396079384,0.010358214430316098,-0.03184430656861268,-0.1596442753461291,0.17259000283486894,0.10453260716919147,0.06059993152199736,-0.2174872495104987,0.10443418987213433,-0.052749466782462104,0.21917702161286282
-0.0914524580290069,-0.20000256954788198,0.2265829674052726,-0.04192862678906653,-0.08647014792847132,0.11437696777250222,0.0026531562337071936,0.06027080807680127,0.04783685982772778,0.09068884130988167,-0.08311824284454798,0.07521053895003521,-0.16608699122383871,0.04609023276740269,-0.007427794350105085,0.1212692641447486,0.036719157098763125,0.07073664931332829,0.03653935499445861,-0.014168576474298958,0.025097137664036318,-0.09016190604677858,-0.1334302454061245,-0.10358662964339034,-0.1662261001129855,-0.0981510751688978,0.005252944438173963,0.24616892896378847,-0.12124061284868842,-0.13156956697869854,0.09706761485224237,0.056220896802282885
-0.07485878063118814,0.14015200815855539,-0.06673248957273192,0.13418019352317678,-0.05197135120287074,-0.0076167173140882834,0.11785293914080858,-0.0956161494689684,-0.03193745638202241,-0.005383713549520826,-0.026886154820667495,0.05332487504257126,0.10273346638480427,-0.13053093030488003,0.0751157681079117,0.2829575708054719,-0.0682577036202598,0.0565758598134684,-0.13573611528271837,0.077463546659803,-0.03109324680100354,-0.11287652447138607,-0.11518143251170074,-0.04636590376645515,0.01563464189355117,-0.160988973728624,0.22378730453796514,0.18932124555708948,-0.1385198071287375,0.1351096615625182,-0.2150144327400186,0.0792325628229808
0.028491610543907947,-0.0328542543462441,-0.06312993872388027,0.20750826855794766,-0.15198318544728787,0.03429525936659276,-0.1296865052786307,0.07961005747844317,-0.10139481254435719,0.00102690305387906,0.12277801297767862,-0.00879548445762924,0.019308806181556823,0.05658307362265884,-0.03883402378406041,0.09314346820330283,-0.24122797913948912,0.11441373312804977,0.1754807005959194,0.014595852342364907,0.2173218721880545,0.13290517489179002,0.030196584897575526,0.15003094486111693,0.015472546809231293,-0.13191122278238104,-0.018005226790630637,0.13068436106571368,0.11834559174614655,0.028574116925211702,-0.1387537116179702,0.2836903291502755
-0.22476574510373323,-0.09375353599965958,0.09832792403223538,0.21600020729630165,3.538604508532667E-4,-0.17073335475806423,0.21166664809085575,-0.033544586970128444,0.25436133127255744,0.06901148502485688,-0.15256379009764745,-0.09453298974582965,-0.14643772168953195,0.21627494825019966,0.05276962315032427,0.005681291421706752,-0.005758767067908475,0.10769924808800327,-0.05585031883927582,-0.23448581009155323,-0.06460611425025257,0.08749075227926487,0.0016944343037235696,-0.1487026269252486,0.11284579804024607,-0.182879037720188,-4.979988562201676E-4,0.020536762324908725,0.06855913202608696,0.12973927513795172,-0.014418648504523682,0.11971446921198738
-0.22647824516179904,0.20545336666755737,0.14127948641645516,-0.282385272441715,0.07626695789611534,-0.0019098260570079393,0.16365491014582437,0.1278394221299878,-0.019173747221867658,-0.23613500059535514,-0.2418723059821248,-0.03871129444884604,-0.12159278072872308,0.01261697166729887,-0.22782783160449854,-0.025986267868324486,0.03377792592760794,0.15072404170457965,-0.011565850407603724,0.24430973143381607,-0.009431768025875491,-0.04857333797177199,0.12682738849448486,0.05624450838706762,-0.14185768388924067,-0.262478495070044,0.12157270024937039,0.01705327688339225,-0.21086873087720423,-0.032674328368622337,0.034447393970476275,0.012133601112995676
0.18053926577444257,-0.005001015783517082,-0.18487389196158183,0.10285213283589867,-0.06842788820233901,2.7755193664063225E-4,0.08587944593075983,0.12183801462092997,-2.8204687792883314E-4,-0.022719062438821137,-0.07306328915553825,0.06068426245286656,0.12525185131569264,0.0012657348258833783,-0.011376995101964042,0.12686110545245163,0.006957376373655278,-0.09942190455255878,0.05220959600108748,0.2313182766973698,-0.20417693555930383,-0.06680779206786708,0.11601536143068497,-0.07117598200277606,-0.008331794242276203,-0.26325731458258905,0.11894825265885949,0.07300121004192558,0.04221818799445744,-0.12035432399822521,0.052552173073424455,0.14156943145616585
-0.07054334077625854,-0.07454880159122419,-0.03391155568912371,0.10008206285785691,0.12466964942691817,-0.02569771169153917,0.05492418418404466,0.21313194020871506,-0.06042198761554823,0.055129932485104824,-0.18193841450252518,-0.035484113170680995,-0.1235360014751879,0.09056644576228488,-0.04827597683119781,-0.15569300298200411,-0.007615351067874081,0.1670512215210646,-0.12024803510640356,-0.09229528473598335,-0.24908751869740592,0.06467476420283542,0.08541060314142065,-0.11458798333500579,0.09985460685088247,0.04512949545294565,-0.048321562651947106,0.008168595717504813,0.011152353635884066,-0.10309609813995929,0.18522307317484774,-0.12239736563514868
-0.07025283345629123,-0.06795065283881949,-0.3854860672162102,-0.031693627994802805,0.023617680673250402,0.08704529958455366,-0.06592862768372436,-0.08602896145774,0.10209395808869733,-0.006235072913566118,0.12970582707810005,-0.05262145279485961,-0.11745914485545571,-0.08610646213860161,-0.02281329154853135,-0.1257124415113611,0.0018757970276540763,0.030453416668723796,-0.03741668958031691,0.03406260586475546,-0.06358645794505104,0.22787338066221374,-0.05836582318909906,0.059258616015348965,0.17453153184358453,0.16466505547718602,0.21423319696006457,-0.018428520377506155,0.023518117811497846,-0.23030603464806243,0.041781773159793256,-0.10773834669998306
-0.19220342432413526,0.1065562189260418,-0.024086758579309378,-0.11708998627303509,0.05135674107962131,-0.10216039829889453,0.12277362190086295,-0.12467205231780053,-0.07353878262154029,-5.679020045803269E-4,-0.03478748400819525,-0.0740497299263333,-0.11437112410045992,-0.04974951932515149,0.012285848741800047,-0.28276226382927966,-0.1211791066171887,-0.010176665819761822,0.10922464793829796,0.05629066197345091,0.0512328342571874,-0.23545251135709414,0.11721957027624148,0.01737980905336358,0.265633615789277,0.020624540364570648,-0.0757980736886844,-0.11511184292759076,0.12148751804232207,-0.15226312921688331,-0.05266701483935149,0.09757157194762989
0.033113504212752866,0.022341035764529876,-0.08732295570428128,-0.029416469339262865,-0.16109249868897815,-0.25157847638018715,0.07322096406896877,0.053218987232093305,0.171217930472523,0.05518114079761014,0.09954025655794976,-0.07627087122769657,-0.042890112408023054,-0.03651121648535304,-0.05452254014260008,-0.02248675246678642,-0.14271716211690283,-0.04348862548903025,0.032625330475436656,-0.03232721831610173,-0.09448780616074888,0.06073898959410423,0.16434099900048918,-0.014248190516848261,0.022329344029065782,-0.054677257878599464,-0.12692964602648832,0.13813495019605912,-0.1787101314042716,0.11672844923655283,0.20640914817848224,0.17784052397823447
-0.05838970150622096,0.07537000394976516,0.12048079808637081,-0.07043755746875567,-0.08304285747678665,0.22878550479464313,-0.1345100594308977,-0.1912549402666928,-0.14165593369496196,0.046978051224029184,-0.013289812771987666,-0.0016864519904277332,-0.05324713665364449,0.17569867108023737,-0.0682327549029847,-0.030668303923149242,-0.09273742671793299,0.1796151766758768,-0.005735622597882865,0.09420879439860544,-0.15011515972792017,-0.2101808737116675,0.08538548032388628,-0.13486637788797246,-0.07360384351740258,-0.1644120681667464,-1.968398702161967E-4,-0.0330953231027333,-0.07335966752465496,-0.0901308304450489,-0.10475264556184602,-0.06348417290351531
0.037411022148854084,-0.23454678757038372,-0.06240921736783893,-0.02717827174013265,-0.0523271256757809,0.053598731511568555,-0.22762785800488558,0.08999933061762243,0.009991211236644485,-0.03819420696825947,-0.030242625914913737,0.0708603218870736,-0.11712378691677397,-0.08874928510803978,0.10933977184397173,-0.08495929001596209,0.12479619152066491,-0.016748027850964766,-0.058198888745612055,0.014459042746170069,-0.15082205963573397,-0.052073257228998526,0.07932393925259958,-0.05042636002219728,0.014156862386555016,-0.03350153290641682,-0.025306591726465908,-0.13013545240357555,0.11154509938797617,0.04799857064428738,-0.11879317020818068,0.12624845708992055
-0.01288379712075605,0.05203232360977332,0.13417028833886915,-0.018884844723301923,-0.07310744637943567,0.23996413897642865,0.06235942366124287,0.05307833600269711,0.008252518705600405,-0.17011609337258915,0.13419416978559398,-0.07839101046727737,-0.05477739517308686,-0.1095704839019543,0.17880095952866962,-0.028560600441304953,-0.0016191607527378132,0.05348057610272928,0.07708194393472864,0.21285885881339675,0.0370384067445239,-0.10798889704194989,-0.021936250867019877,0.17103748014401182,0.10775979111316374,-0.13975456002608772,0.11363692383361215,-0.03142892778539622,0.016612553986794995,-0.19880563466951728,0.04687481296504908,0.061684649045972734
-0.09032449453104283,-0.03662495309553425,-0.10662293327063384,0.02366417173511328,0.02156893906242914,0.05749375671668402,-0.18931089759694378,-0.1307165707393568,0.16084634421194854,0.06981049091252654,-0.10351035705772683,0.14183926886559076,0.028381978382388987,0.15722841087655842,-0.008898781244558783,0.05408757955430731,-0.04333921100397972,-0.12709429227410654,0.040319767978163716,0.04671621258256126,-0.20572718274274307,-0.08815960346060833,-0.1268434219449694,-0.17229109271172768,-0.0449221888172162,0.05326832242713648,-0.15001212166004999,-0.21846267348112922,-0.1348650482088308,0.05467640942270717,0.02967794214504654,0.04612441865846013
0.09763042484108116,-0.1027510333707256,0.039293141911006094,0.14617266437877566,0.023597235000961406,0.0035052720199746927,-0.1511672053692045,-0.03908433957823287,0.04453864980876993,-0.193011590915289,-0.017384808379934225,0.1831259838445995,-0.013341226527309773,0.04769357521636125,0.05199070219787786,0.028061782652730034,0.1858080033144509,-1.8960217833358453E-4,0.03881348786842192,0.24248292901739932,0.03465100231185757,-0.05542883059792178,-0.1254937518905571,-0.146859228239093,0.1051120391132754,-0.12262463293970849,-0.06450129575063154,0.0647267255213413,0.02843281287163301,0.06953112301728934,0.12896744955400585,0.038991808380165645
0.24534279395876304,0.07601157246257753,-0.07551557596439423,-0.09248659222216296,0.014123629427518573,-0.0672468703241682,0.057990451126825736,-0.1373350947545251,0.022471599522945605,-0.13428114495452698,-0.11019807875369558,0.15133259049456113,-0.1803524859638898,-0.08763919449209745,-0.19818419539093324,-0.08632210301831598,0.14141315267047314,0.2066286822154029,0.12796212493268475,0.044930495902536956,-0.054305328560599116,-0.008989728231985973,0.0025337108813498167,-0.14960908774660894,-0.0867694090519124,-0.05422441685310968,0.08665910759750753,0.0640116307987826,0.07498952076303,-0.1113597927499093,0.01967827205662931,-0.05947299438084234
-0.13675427953781355,0.0646517230693126,-0.11671891266848002,-0.03316587520665346,0.1073025100973804,-0.019275052028020767,-0.01406184780618644,0.1325755850180385,-0.08376693498793417,-0.0810601755442361,-0.05625390342088219,5.152338523078358E-4,-0.14982337315573127,0.058157346382995495,0.014765882719884849,-0.010990654496240933,-0.1081450876874096,-0.17893874812675456,-0.08890346638806414,0.20249754328141256,-0.0801733236280793,0.10677280338873266,-0.08428000418756418,-0.07089934881614107,-0.05305537335085887,0.14244688886479548,0.10850846064922884,0.01926001552006897,-0.21042234226817627,-0.008068556850781759,0.06075424407075274,0.048203461051327015
-0.12921972712387728,0.12713642762179564,0.08108472119543553,-0.05689346923571374,0.20463002316628118,0.031126541550637297,0.1391733630596953,-0.06920159336657952,-0.05205977666001078,0.07176422970724086,0.04982853071093826,-0.10535731575966592,-0.06666074875109174,0.12671945559650824,-0.2706120251602369,-0.15064699295117578,0.10296987502717345,-0.08072566622996936,0.016598211571272007,-0.03133920203239375,0.08876278848260602,0.0366998675543799,0.17250513573811327,0.06709962940683786,0.1336963143634139,-0.09750946862096993,-0.2369532851088918,-0.09238061622072923,-0.042122700884802966,-0.09157293238891885,0.04445162967069535,0.03516018974292076
-0.088764402282806,0.023488522107038133,-0.04166109596702702,-0.11281137582229923,0.14120964112509635,0.0462656876731429,0.15110371738241038,-0.1991498529921594,0.22794266957439505,-0.19255086472711375,-0.07068169641017082,0.23757738681295115,-0.09387992194870419,0.01294596741550863,-0.0524649808056106,-0.00785144175142179,-0.17218396664926752,-0.09919897366036404,0.05246605049566682,0.011675965861181468,0.0255297937215051,-0.10468587733471207,-0.017069300174972133,-0.017215603057110365,-0.04642379554889427,-0.0019556301438301634,-0.008172678282208617,0.04928296797977244,0.04882158953014233,0.09369984431413052,0.16184678633406852,0.08674071889822499
-0.02921757747252536,-0.03469179987024312,-0.0575028251374138,0.10240159872253994,-0.12242615047133504,0.10595039734457155,0.0631028046030431,-0.03107875725177766,0.0408445129314559,0.024667435359866232,-0.20366734152020713,0.17698646415048053,0.1884494234049818,0.22277299541289358,0.05352679128009516,0.02560461630899485,0.20697839144727703,-0.04214980602628767,0.09815774191217164,-0.07625422885342682,-0.12886110921390692,-0.07084845587033864,0.11210865359811145,0.24281644907770802,0.11463718204112354,-0.21284623550405762,-0.18517869862371988,-0.042905593838740805,-0.11850851044938814,-0.14038601249929536,0.28597867587969866,-0.08489574906449501
0.02709011231221717,-0.051915705018760326,0.054727656316293165,0.21182989238716682,0.04811379263693632,0.11604294403694325,0.14198642111789433,0.034079911128472445,-0.12302689322407781,-0.09570558173749805,-0.014102840731401667,0.1403142119060276,-0.1185200337304565,-0.12382278149501653,-0.08010582537740608,-0.11314310283087872,-0.1155878000107813,-0.038423822555185436,-0.03890686539538376,-0.07243508050104631,-0.059621295705241106,-0.024983816199425024,0.09456230586156984,0.009151536145918411,-1.6279000959763248E-4,-0.043391656419587074,-0.07923734936045804,0.0513495130995147,-0.17766557871652947,0.005089655405114813,0.15844146045940194,0.1018925047530896
-0.14926395364429385,0.05655663586248283,0.1090653649731157,-0.09442604980961641,0.17155467764626245,-0.0868711929454776,-0.16569696682793428,-0.0012213114996378893,0.09060846177570744,0.11004776712092054,-0.2473215268459026,0.16188580313854184,0.15854964792965578,0.04840390043244262,-0.07706127121085218,-0.036764118347719574,-0.12653030759520986,-0.18228896361568372,0.16710577585383052,-0.14528601019803344,-0.14194984722755213,0.06624809028727549,-0.0870465183572513,0.013391417302320309,0.01452471740410798,-0.100391051558003,-0.0631608615520276,0.22354529718235694,-0.06417063579598403,0.13249349803431676,0.14463123786177995,-0.12291878750243464
-0.03179532402492529,-0.05394631008690676,-0.06762339774918094,0.201668623000453,0.07037904852833946,-0.12655048194744173,-0.02644245276371992,-0.2803330064229744,-0.07788475219244907,0.07038694528475661,-0.14549628547926277,0.054626238624610114,0.23475609422185206,0.04075067052009703,-0.09712960832632281,-0.14336534039578994,0.06593723237983332,0.16229079338804048,0.07418151606312684,-0.06638879227347572,-0.07700864115302566,0.18160398340292727,0.06812173207308615,0.006368307272367056,-0.13667049152934715,0.1079671692457677,-0.06511059759334677,0.022134471945222153,0.13789519496520533,0.07763121073880758,-0.03675092509614676,0.13534170975531035
-0.12483131924212167,-0.10792634102968632,-0.09555054973725416,-0.12320572318329603,0.1340812385119476,0.2600463466113733,0.0874685352577381,-0.007160641163452838,-0.022454109276393897,0.07617960886572514,-0.04667593799655294,-0.13218821649399623,-0.19568316890306164,0.04062638968524003,-0.06239859167259443,-0.11255925199638894,0.05512533981693929,0.1221149164866459,0.025276360651638616,0.021332509115920405,0.20647232599427967,0.020501181441681775,-0.07539486456625001,-0.11877018028300738,-0.06518519444849065,0.040917154562768634,-0.13160408682616936,0.052099225382932796,0.0788543442146053,0.08908487833268985,0.02929273706890489,0.08720717552726574
-0.10269231343817342,0.010781130221782714,-0.005018934354301946,-0.23719555234218814,-0.10275442153147413,-0.044805312679691685,0.20326223845332184,-0.0032646269774652477,-0.1074502199079704,0.10401735578381262,-0.004518971802973117,-0.0038213497706130633,-0.02844694313024477,-0.15037556134994737,0.027414446108129077,0.0059106002631914714,-0.3251362480675344,0.20303109074686856,0.2842388339445172,0.154785990735864,0.019520069869891202,-0.08273592895485658,-0.16277669245831078,-0.22960398330681317,0.09190770908967932,-0.17519615373662795,-0.11114829326530665,-0.027517669341811372,0.020693168173396066,-0.029919898834324096,-0.1398703027464763,-0.10763681609493843
-0.17944722793575446,0.017434163948645442,0.061947049008515824,0.04158906563906296,-0.2283519061539439,0.019198371416029814,0.10406242314992148,-0.1770634332961013,0.08088446755315469,0.16606350949811005,-0.08719608834488854,-0.031109678514735405,0.014603830240599847,0.10168510504983885,-0.050408669807193704,-0.014176437237714765,0.2191893513888244,0.01389614039623694,-0.04563044822720965,-0.03780895786459041,0.045307396999797536,0.02941092816172608,0.0777472637554917,-0.2489581353367842,0.31050107043707065,0.04534669212168823,-0.0163834830866811,-0.12201418220643105,-0.04328911192984515,-0.009650599223872671,0.10968660510631491,0.12574270073938604
-0.08245834671969703,-0.06431049677235821,-0.1444935823991401,-0.06248099730532966,0.22174745536606535,-0.030941375170090435,0.04479052619041186,-0.2189296825408854,0.08918735840634226,-0.04210722259582212,-0.011085590832803669,0.010920044384817128,-0.04527734764337852,0.1685355820695363,0.04666688380085478,-0.1443902466565087,-0.010715869581343414,-0.05008738180288033,0.04445888083367269,0.13210182550195107,-0.12207981873492095,0.04530477416047745,-0.059593798016276116,0.07312879035854485,-0.03409228863598272,-0.10677078708104568,0.18146282403124328,-0.12067435243905378,0.050563365655030584,-0.049460657006875915,-0.05022240500256031,-0.022867686142228692
-0.17849097409453732,-0.04963763617050272,0.08053456241607337,-0.12959409764366867,0.19025926681030983,-0.07471118448107789,0.015111795604486366,-0.09581193275335857,0.06350148851845024,0.180233663870813,-0.013978749934640896,0.06830295492619791,0.11633668083271084,0.03357901709267826,0.031335429079462594,-0.07755841985381899,-0.23547589550195916,0.14161552487410975,0.09942873952773572,0.13820319710654563,0.2773838177523896,0.11404798105922258,0.1742926228754299,0.012450054233347115,-0.05314608706201105,0.061795986339302646,-0.2583180555793588,0.17759769300104905,-0.003170367582017165,0.011392110171542465,0.025157499745290537,0.03502265727807736
0.11730066071567737,-0.05598288334416859,0.014344512400043235,-0.21392359803337777,-0.054792295484473966,-0.04203496998912983,-0.1913495266560876,0.15951430999322877,-0.059427355425737904,-0.05143347718397677,-0.21159887990890058,-0.09639511338458986,-0.05495475107726782,0.15556081327038657,-0.011314609782139697,-0.2883663292644928,0.2448438522824238,0.019910197508758467,0.07788780556103651,-0.05105546705043476,0.06251515697842763,-0.06266597540681573,0.0628182917607404,0.029407386851749925,0.04641751273279084,-0.030823507358541516,0.011807105662829553,-0.036726457182066616,-0.014973992688121973,0.08556602454288903,-0.045357355457123216,-0.001604271824598847
0.059390825958182084,-0.16669165633828187,0.07484805381847236,-0.11271755843871001,-0.036088579247556804,0.02987232571870424,0.19144214830884526,-0.06744956051994175,-0.07757096144204596,-0.12280799011621973,0.06299641650165222,0.023643124758285193,0.03065223747287846,0.021651332912079123,0.056140474041961305,0.13712048683861255,-0.08394818199956244,0.060514028576172864,-0.14961030412394982,0.10243969101477735,-0.1513149532679079,0.03929944867476509,0.03549150444969536,-0.052081467375462744,-0.060144574106928146,0.0348845054761811,0.08730635905152535,-0.08390393887233193,-0.0657275458993424,-0.01332774992064047,0.09210811383661413,0.08526267459976118
0.21774733405809923,-0.008534885431528456,-0.09900142671792114,0.039865584240930126,-0.00890543457051103,0.17669949005600782,-0.22016198225757344,-0.048693226454138594,0.07293937076300623,-0.088841974778563,-0.30545135178032934,-0.019280858192710144,0.02445314941320806,0.034745088939722675,-0.17928031282705206,-0.06819305136185433,-0.3784108755395957,0.10042260709982863,0.09024593897067719,0.07409891388897634,0.1326353295960292,-0.06265236137375371,0.01159311180558404,-0.10083777174170111,0.12921589102360337,-0.06065679582242799,-0.09720739058140383,-0.007796118981860968,0.011558230819323122,-0.020015384125551018,0.1744444169508073,0.09605176104036628
0.024932123527209915,0.10223214663712697,-0.27146891240408083,0.011806098216119117,-0.0825354458461564,0.1244562630447948,0.28232457650779563,-0.20310077725244152,0.10943456081597641,-0.06999691439529956,-0.012203994837060162,-0.03656491094683474,-0.19498072995662682,0.34776360372955056,-0.2067293272322272,-0.048350406274087085,-0.03171592838209272,0.08642818044562817,-0.14957281865831598,-0.09504139453250017,-0.028069738511965765,-0.13384317879643876,-0.01988673154082485,0.008386016616467682,0.168559018843234,0.18927086385030975,0.0058709679050150156,-0.08280665853644076,0.10515168048520801,0.003963744460091238,0.23209740081190958,0.24761101637055105
0.10541821590667315,-0.07886538657419735,0.08771143471677519,-0.05662860681248274,-0.08279497733493575,-0.04944742357009348,-0.03298960739993734,-0.16415474922679174,-0.015462634836256671,0.08853953030102324,-0.24826322873875858,0.03334486400803626,0.11740292419246283,-0.02998785272682918,0.08173468423566771,-0.09105597223978468,0.04325268242640214,-0.21835904159673195,0.2537730263960821,0.09331471380660174,0.033864155690828714,0.022375236563504194,0.048132893784555306,-0.04502239753040108,-0.062324046156731525,-0.013568389877800211,0.0673838381031069,0.1599386380300638,-0.09851267557593563,-0.17644851603885228,-0.2651443498102539,-4.79789213755767E-5
-0.010585187702106168,0.05287107277685017,-0.0770459746420354,-0.02198806685458898,-0.10691503007929945,-0.023503098967643674,-0.04796926942243579,-0.02456541133748612,0.06142788530923501,0.18062061057333006,0.14968731266234428,0.005209096209581913,-0.35372272916535563,0.050648254174670185,0.18124671395112366,-0.030435146528604892,-0.13916651088073412,0.06391793872133736,0.04394771707579212,0.013312474276685572,0.11772090425880488,0.021645355901752927,0.22760232854684448,-0.1062931909583559,-0.006082807491489894,0.11123190471461142,0.13628423765271425,0.04195978497782817,-0.06466996433258687,-0.15164377440075996,0.08936860164157968,-0.14833362046038187
0.12820418484642768,-0.047807824105822766,0.04696401019583923,-0.09201248284941792,0.06593157788171305,0.037927851193221854,-0.01704545038182507,0.12984202907285222,-0.08699139619284478,0.05880544330061871,0.10687606206987796,0.10588556998133904,-0.08342377160809135,-0.12812325709424374,0.07608183392204959,-0.1264989699621551,-0.018952890818132603,0.18968090157134607,-0.021502313324543592,0.08335604570959702,-0.020412690659534063,-0.14250056574896644,0.045277388808116215,-0.037462640573185886,-0.053666293949131916,-0.022161093482771024,0.08482337938367508,0.31105852249843013,0.10571467158724981,0.23174882019113663,0.13088119032330262,-0.07312887915788183
-0.13062725027986988,0.173796143616364,-0.01971336113714657,0.13320440981383178,0.03982897963468112,0.0060395517732108606,-0.13867132066894103,0.07787864789319159,0.13505673347449088,-0.10028047259488869,0.08966950630361063,-0.013375487748742965,0.15080640658753752,-2.3440221814802773E-4,0.07249704302043093,-0.020449957902740026,-0.06058926229330341,-0.06567934187771983,0.12479753717129513,0.09297439296934738,0.07799469560022602,0.1319837138116208,0.011550971547400549,-0.005893901124499771,0.08976012783989581,-0.027001528650608043,0.09343489072998423,-0.12309222055935194,0.017060237752286565,0.16883032980548926,-0.203458574236872,0.029779426536968672
-0.08695771058904957,-0.0056288389157582615,0.04488758151388322,-0.09878457961197691,-0.053354389779685416,-0.04239154617196616,0.16262583166939432,-0.15346873578462505,-0.024900265663615688,-0.017214280050978692,3.935721962409855E-4,0.021310982485890115,0.04014477047805616,0.17466653131355564,0.053321720178994975,-0.10885353777196859,-0.2371313477544946,0.06370596948648632,0.02148764939243848,0.18969169403907746,0.16236496079873852,0.1376265984693944,-0.03436193904055552,-0.11668358764036098,-0.07714542256255029,-0.28192430755693276,-0.18439964385590563,0.24971191775384677,0.08199125187286257,-0.08810045996244724,0.065362284398741,-0.00897690663675298
-0.20287617437777078,0.019611585141943902,-0.09668443008446968,-0.13146175756740852,-0.03846370637144425,0.1711076184576934,0.1945712975003722,-0.09075596718573396,0.05032719018291772,-0.12463420947287336,-9.886915635453578E-5,-0.03687926706096348,-0.17894478889674276,0.40642277401426713,0.15788507250610342,-0.11257496419139064,0.06153194501938094,-0.0035455500268604043,-0.06702302990409738,0.0016141800807943738,0.10672156165304464,0.2194493495279387,-0.16587024244730503,0.09215386071819448,-0.1153332605629778,0.14042550628002287,-0.13582998244144465,-0.006620386132650983,-0.07322269796474228,0.13211888272937633,-0.25884436065880223,0.12289764161481254
