-0.014257697838766365,0.04084438382454777,0.026520735959074268,-0.00497787649606885,0.004015419804030005,0.034424022604533706,0.030050242571168936,0.020606553907697705,-0.011658655133537796,4.796536043081927E-4,0.04402439201307144,0.013276719758038581,0.03332018346384099,0.021826132706463518,0.031160718267312336
-0.15773046591113582,0.23113939300487432,0.06350669869186346,0.1134969106744508,-0.005717993341611573,-0.03998424627959245,0.007355804066239443,0.08204886979696108,0.0018563028867872634,0.06421328736401472,-0.0706977978575261,-0.022357247679631227,-0.18194055544521312,-0.04739411153339756,-0.029798806670538393
0.006399685869646116,-0.16466215222861252,-0.04857408825247458,-0.20510708325233806,0.05370783544076284,-0.07622191773769214,-0.1635822919252836,0.27949084680747344,0.30967650477413433,-0.007856522061119866,-0.045413037045965436,-0.020483327709260545,-0.04577881506093519,-0.12442263833327613,-0.19491768870215256
-0.06027478272640123,0.15205223516289285,-0.022055632782470014,0.12312808668130365,-0.004241886341110127,0.05002861380537825,-0.07332238708664772,-0.08020679887409861,-0.16178214473167957,0.046538569367267045,-0.17476142545331022,-0.12008978684345999,-0.05555450644124067,0.16158038771918687,-0.05006878649823422
-0.07786949970717841,0.07651682555536192,-0.06513659851661642,0.1401795922335261,-0.2507226893223333,0.1846382544172748,-0.03165299835352533,0.05454858489633875,0.07774584048159779,0.052549813876639984,0.03530416568423994,-0.21018659639743176,-0.09995420250483872,0.07453298319235963,-0.04271281718578258
0.016161266297961694,0.10745023909595632,0.03181898817379722,0.09194047688974097,-0.05660752713235141,-0.08872671782164006,-0.07605067930802187,0.1269805966776142,0.06940665972764429,-0.276762537242058,0.010803071056540265,-0.07564827001645268,-0.05577135562861005,0.015717472782625017,-0.24678637913178267
-0.1409185941552561,0.16946090281033538,0.1621615107786463,-0.08356663325402103,0.15410740835805786,0.1107655824312323,-0.014719927344101134,0.03820024730089113,0.03303536656903972,0.007251476124197566,-0.059138126766976266,-0.031751351741919134,-0.02388412928178707,0.1214873265486856,0.22198065207270712
-0.083722183148329,-0.11211647771808446,0.3114124026315692,0.18045091497146576,-0.14208070498407113,0.24666171860570896,0.13667010848945074,0.0733870824368263,-0.04422311429509429,-0.05726116065147859,0.06174487628724428,-0.012980731280159653,-0.07560152317747952,0.18235250494090172,0.11343255135050115
-0.06443789701235789,-0.21763875843731784,0.15007812396279055,0.058745159442971644,-0.014549846005426359,-0.0630858733422469,-0.08827700993418869,0.07688286077953463,-0.07476200720659441,-0.09692354559285249,0.23180359349567614,-0.03861846253534315,-0.08195936281383076,0.2119751390985275,0.04412228419787392
0.08974269614478655,0.0014548564570009957,-0.02421234726192264,0.11155095667477775,0.11069788330368416,-0.05007108776200446,0.22387829049851546,0.013347002897445554,-0.07423204956910194,0.08601648548056612,0.09012815949128729,0.06104976724351786,-0.05970604623633455,-0.040033739494035214,0.043938938945073135
0.013190795465237817,0.24733917862494556,-0.0950330782455422,0.08769286210866112,0.18724309865982142,-0.0627802094517326,-0.026697338077954453,-0.021796158957196943,0.17501698508493274,0.012047502710964636,0.020207540621860753,0.10389438879352249,0.09995381411591221,0.04300936986177208,-0.08367606359020766
0.02563768912501994,-0.05748952974288648,0.055394009754440865,0.14357571164317218,0.1898406413721432,0.039875804439713385,-0.08295406988837993,-0.0807640982339126,0.15591369093680285,-0.1466037736999398,0.10186674363898694,0.09462537528258542,0.1212416778772079,-0.1125363607194897,0.08520978321921766
1.6968507828409905E-4,0.05408953897829952,-0.1675079416449898,0.005572492132510723,0.11766861284606565,-0.016013047405934774,0.28200091727604615,-0.14885035355726742,0.1283322813075064,0.034986446611408005,-0.058815342115335616,0.07962275264202506,0.0091811499646408,-0.16268448989411244,0.1533550310636572
-0.03526654992527728,0.17771807111735308,0.03864756668532606,0.0609692844022258,-0.11312458349793188,0.1117311869759714,0.029548225329592247,-0.006640868658955981,-0.16086553598230502,0.19678802221432973,-0.1702787855918745,0.06724458292156388,0.32338454842143627,-0.06885708889440002,0.04609320732177742
-0.09006482435431405,-0.11138569030031267,-0.16275693823255374,-0.0315176465491941,-0.00264916516844293,-0.12556566333157915,-0.09000886053949332,-0.12861200884557175,0.00289944191761833,0.20139453834745857,-0.17031621054578575,0.05821264877129452,0.08957361136188575,0.15637459911561277,0.16375982905661737
-0.05879395343912598,-0.0718922749725472,-0.14972118133460927,0.07770986557529411,0.22376775517375455,-0.061913317265548676,0.0036615424261781495,-0.12240211802827645,-0.15578620703698523,0.02297591932722957,-0.02887221629849704,-0.11496319121488385,0.20664978959249639,0.029116263654276615,0.01384322145880031
-0.010163152243642774,-0.07732195664000614,-0.014918996879308569,-0.02676972665950401,-0.048729745433782556,0.08038616207900706,0.04664740709076686,-0.008422711152725712,-0.011481772315685555,0.01855415370559458,-0.008225467215021145,-0.010184234903144594,0.09840115535762259,0.028833009197485847,0.11267137801539474
-0.11956473827795794,0.055255489701673675,-0.015773055062292634,-0.07349256180906645,0.001287649186139914,-0.1693103369183633,-0.15849921191778607,-0.05954475641025676,-0.014529117073188835,-0.03174484629433683,-0.024047949492508932,0.1280180447206449,0.09708931372395896,0.035700214042979975,0.02304229283025037
0.015789972371478476,-0.15342358967108424,-0.17238968619860726,0.01982208359636474,-0.03971602323326927,-0.1084202679980274,-0.09371133614495336,0.24081465489125423,0.1870613411300635,0.09232341789310933,-0.06676355158725238,-0.0646598702109978,0.03362185225268265,0.14517088182009677,0.13221960669170815
0.12227356087414454,0.015367816785016374,-0.054990302526102645,-0.02508260156773261,-0.1069309969938161,0.2758604419692597,0.04998789225478397,-0.05543489784592273,0.08514344140319403,-0.10633736401023734,0.018399289771781263,-0.01721928016770569,0.14037366402039442,-0.023865052579206847,-0.0261384583044978
0.03952716375405551,0.03433347418593756,0.004737681329996117,0.23660823464969494,-0.1476753133150062,-0.18411554480893014,-0.1278189743627236,-0.04527354342533098,-0.0445326604043258,-0.0761833216867265,-0.08875670843477583,-0.007282266070953439,-0.07198076920926441,-0.02747535725649455,-0.02795268881003933
-0.10673564687063723,0.28665447038843295,-0.14738157365969543,-0.0068549458510060975,-0.010493695984267935,-0.04365391896111736,-0.1386185505736239,-0.03621358765570388,0.05717590168177579,-0.05465249907667216,0.07759398259413788,0.1031473010878937,-0.037908067116648216,0.03912666052038163,0.18487261633716076
0.09536837118531175,0.029005461692980544,0.23194944880606946,0.07334325429813698,0.15057459293791686,0.19875790364541948,0.15701140069266387,0.1440821078406546,0.08874473276093642,0.004081272754713811,-0.06478560139665909,-0.04500419847921081,0.2318865384744936,-0.0915908623640911,-0.12529101258697237
-0.011806777869643886,0.008885868847705427,-0.08367824341747652,-0.1691588687169414,0.17096606218527807,0.2019632944515252,0.26663041305264784,0.16146913009986458,-0.10484163077436781,-0.05477187756496487,-0.022661890274886503,-0.02964032544953781,0.01592159559853147,-0.12785408957065683,0.04674482742184068
-0.07431596749843475,-0.12505281959131584,0.10564928154977989,0.1497498617947772,-0.06420554851471298,0.10635978330166718,0.02553077688061026,0.20588469068793608,0.1122628643180699,0.1448804669130036,0.11831701386019275,0.0035849357406448072,-0.023931212119479905,-0.009930670197075636,-0.005394838768137605
-0.02746047652607682,-0.10698442712018787,0.22891730163086058,-0.04073297067855406,0.023279083685925187,-0.03885878205501868,0.0452395877935552,-0.02558922304127113,0.1457374581729951,-0.09051223138496421,0.07751081650038202,0.03399967740527488,0.047425262467541585,0.06938132966109689,0.19957360628402482
